2500
0.000000
0.000000
0.000000
0.000000
0.000000
0.000000
0.000000
0.000000
0.000000
0.000001
0.000001
0.000001
0.000001
0.000001
0.000002
0.000002
0.000002
0.000003
0.000003
0.000003
0.000004
0.000004
0.000005
0.000005
0.000006
0.000007
0.000007
0.000008
0.000008
0.000009
0.000010
0.000011
0.000011
0.000012
0.000013
0.000014
0.000015
0.000016
0.000017
0.000018
0.000019
0.000020
0.000021
0.000023
0.000024
0.000025
0.000026
0.000028
0.000029
0.000030
0.000032
0.000033
0.000035
0.000036
0.000038
0.000040
0.000041
0.000043
0.000045
0.000047
0.000048
0.000050
0.000052
0.000054
0.000056
0.000058
0.000060
0.000063
0.000065
0.000067
0.000069
0.000072
0.000074
0.000077
0.000079
0.000082
0.000084
0.000087
0.000090
0.000092
0.000095
0.000098
0.000101
0.000104
0.000107
0.000110
0.000113
0.000116
0.000119
0.000123
0.000126
0.000129
0.000133
0.000136
0.000140
0.000144
0.000147
0.000151
0.000155
0.000159
0.000163
0.000167
0.000171
0.000175
0.000179
0.000183
0.000188
0.000192
0.000196
0.000201
0.000206
0.000210
0.000215
0.000220
0.000225
0.000230
0.000235
0.000240
0.000245
0.000250
0.000255
0.000261
0.000266
0.000272
0.000278
0.000283
0.000289
0.000295
0.000301
0.000307
0.000313
0.000319
0.000325
0.000332
0.000338
0.000345
0.000351
0.000358
0.000365
0.000372
0.000379
0.000386
0.000393
0.000400
0.000408
0.000415
0.000423
0.000430
0.000438
0.000446
0.000454
0.000462
0.000470
0.000478
0.000487
0.000495
0.000504
0.000512
0.000521
0.000530
0.000539
0.000548
0.000557
0.000566
0.000576
0.000585
0.000595
0.000605
0.000614
0.000624
0.000635
0.000645
0.000655
0.000666
0.000676
0.000687
0.000698
0.000709
0.000720
0.000731
0.000742
0.000754
0.000765
0.000777
0.000789
0.000801
0.000813
0.000825
0.000838
0.000850
0.000863
0.000876
0.000889
0.000902
0.000915
0.000928
0.000942
0.000956
0.000969
0.000983
0.000998
0.001012
0.001026
0.001041
0.001056
0.001071
0.001086
0.001101
0.001116
0.001132
0.001148
0.001164
0.001180
0.001196
0.001212
0.001229
0.001246
0.001263
0.001280
0.001297
0.001315
0.001332
0.001350
0.001368
0.001386
0.001405
0.001423
0.001442
0.001461
0.001480
0.001500
0.001519
0.001539
0.001559
0.001579
0.001600
0.001620
0.001641
0.001662
0.001683
0.001705
0.001726
0.001748
0.001770
0.001792
0.001815
0.001838
0.001861
0.001884
0.001907
0.001931
0.001955
0.001979
0.002003
0.002028
0.002053
0.002078
0.002103
0.002129
0.002155
0.002181
0.002207
0.002234
0.002261
0.002288
0.002315
0.002343
0.002371
0.002399
0.002428
0.002456
0.002485
0.002515
0.002544
0.002574
0.002604
0.002635
0.002665
0.002696
0.002728
0.002759
0.002791
0.002823
0.002856
0.002889
0.002922
0.002955
0.002989
0.003023
0.003057
0.003092
0.003127
0.003162
0.003198
0.003234
0.003271
0.003307
0.003344
0.003382
0.003419
0.003457
0.003496
0.003535
0.003574
0.003613
0.003653
0.003693
0.003734
0.003775
0.003816
0.003858
0.003900
0.003943
0.003986
0.004029
0.004073
0.004117
0.004161
0.004206
0.004251
0.004297
0.004343
0.004390
0.004437
0.004484
0.004532
0.004580
0.004629
0.004678
0.004727
0.004777
0.004828
0.004879
0.004930
0.004982
0.005034
0.005087
0.005140
0.005194
0.005248
0.005302
0.005358
0.005413
0.005469
0.005526
0.005583
0.005641
0.005699
0.005757
0.005817
0.005876
0.005936
0.005997
0.006058
0.006120
0.006183
0.006245
0.006309
0.006373
0.006437
0.006503
0.006568
0.006635
0.006701
0.006769
0.006837
0.006905
0.006975
0.007044
0.007115
0.007186
0.007258
0.007330
0.007403
0.007476
0.007550
0.007625
0.007701
0.007777
0.007853
0.007931
0.008009
0.008088
0.008167
0.008247
0.008328
0.008409
0.008492
0.008575
0.008658
0.008742
0.008827
0.008913
0.009000
0.009087
0.009175
0.009264
0.009353
0.009443
0.009534
0.009626
0.009719
0.009812
0.009906
0.010001
0.010097
0.010193
0.010291
0.010389
0.010488
0.010588
0.010689
0.010790
0.010893
0.010996
0.011100
0.011205
0.011311
0.011418
0.011525
0.011634
0.011743
0.011854
0.011965
0.012077
0.012191
0.012305
0.012420
0.012536
0.012653
0.012771
0.012890
0.013010
0.013131
0.013253
0.013376
0.013500
0.013625
0.013751
0.013878
0.014007
0.014136
0.014266
0.014398
0.014530
0.014664
0.014799
0.014934
0.015071
0.015209
0.015349
0.015489
0.015631
0.015773
0.015917
0.016062
0.016208
0.016356
0.016504
0.016654
0.016805
0.016958
0.017111
0.017266
0.017422
0.017580
0.017739
0.017899
0.018060
0.018222
0.018386
0.018552
0.018718
0.018886
0.019056
0.019226
0.019399
0.019572
0.019747
0.019923
0.020101
0.020281
0.020461
0.020643
0.020827
0.021012
0.021199
0.021387
0.021577
0.021768
0.021961
0.022155
0.022351
0.022548
0.022748
0.022948
0.023151
0.023354
0.023560
0.023767
0.023976
0.024187
0.024399
0.024613
0.024829
0.025046
0.025266
0.025486
0.025709
0.025934
0.026160
0.026388
0.026618
0.026850
0.027084
0.027319
0.027557
0.027796
0.028037
0.028280
0.028526
0.028773
0.029022
0.029273
0.029526
0.029781
0.030038
0.030297
0.030558
0.030822
0.031087
0.031355
0.031624
0.031896
0.032170
0.032446
0.032724
0.033005
0.033287
0.033572
0.033860
0.034149
0.034441
0.034735
0.035032
0.035330
0.035631
0.035935
0.036241
0.036549
0.036860
0.037173
0.037489
0.037807
0.038128
0.038451
0.038777
0.039105
0.039436
0.039770
0.040106
0.040445
0.040786
0.041130
0.041477
0.041827
0.042179
0.042534
0.042892
0.043253
0.043616
0.043983
0.044352
0.044724
0.045099
0.045477
0.045858
0.046242
0.046629
0.047019
0.047412
0.047808
0.048207
0.048609
0.049014
0.049423
0.049835
0.050250
0.050668
0.051089
0.051514
0.051942
0.052373
0.052808
0.053246
0.053687
0.054132
0.054581
0.055032
0.055488
0.055947
0.056409
0.056875
0.057345
0.057818
0.058295
0.058776
0.059260
0.059748
0.060240
0.060735
0.061235
0.061738
0.062245
0.062757
0.063272
0.063791
0.064314
0.064841
0.065372
0.065907
0.066447
0.066990
0.067538
0.068090
0.068646
0.069206
0.069771
0.070340
0.070913
0.071491
0.072074
0.072660
0.073252
0.073847
0.074448
0.075052
0.075662
0.076276
0.076895
0.077519
0.078147
0.078780
0.079418
0.080061
0.080709
0.081362
0.082020
0.082682
0.083350
0.084023
0.084701
0.085384
0.086073
0.086766
0.087465
0.088169
0.088879
0.089594
0.090314
0.091040
0.091772
0.092508
0.093251
0.093999
0.094753
0.095512
0.096278
0.097049
0.097826
0.098608
0.099397
0.100192
0.100992
0.101799
0.102612
0.103431
0.104256
0.105087
0.105925
0.106769
0.107619
0.108476
0.109339
0.110208
0.111084
0.111967
0.112856
0.113752
0.114655
0.115565
0.116481
0.117404
0.118335
0.119272
0.120216
0.121167
0.122125
0.123091
0.124064
0.125044
0.126031
0.127026
0.128028
0.129038
0.130055
0.131080
0.132112
0.133152
0.134200
0.135255
0.136319
0.137390
0.138470
0.139557
0.140653
0.141756
0.142868
0.143988
0.145116
0.146253
0.147398
0.148552
0.149714
0.150885
0.152064
0.153253
0.154450
0.155655
0.156870
0.158094
0.159327
0.160568
0.161819
0.163079
0.164349
0.165628
0.166916
0.168214
0.169521
0.170838
0.172164
0.173501
0.174847
0.176203
0.177568
0.178944
0.180330
0.181726
0.183133
0.184549
0.185976
0.187414
0.188862
0.190320
0.191789
0.193269
0.194760
0.196261
0.197773
0.199297
0.200831
0.202377
0.203934
0.205502
0.207081
0.208672
0.210275
0.211889
0.213515
0.215153
0.216802
0.218463
0.220137
0.221822
0.223520
0.225230
0.226952
0.228687
0.230434
0.232193
0.233966
0.235751
0.237549
0.239360
0.241183
0.243020
0.244870
0.246734
0.248610
0.250501
0.252404
0.254321
0.256252
0.258197
0.260156
0.262128
0.264115
0.266115
0.268130
0.270160
0.272203
0.274261
0.276334
0.278422
0.280524
0.282641
0.284773
0.286921
0.289083
0.291261
0.293454
0.295662
0.297887
0.300126
0.302382
0.304653
0.306940
0.309244
0.311563
0.313899
0.316251
0.318620
0.321005
0.323407
0.325826
0.328261
0.330714
0.333183
0.335670
0.338174
0.340696
0.343235
0.345792
0.348366
0.350958
0.353568
0.356197
0.358843
0.361508
0.364191
0.366892
0.369612
0.372351
0.375109
0.377885
0.380681
0.383496
0.386330
0.389184
0.392057
0.394949
0.397862
0.400794
0.403746
0.406718
0.409711
0.412724
0.415757
0.418811
0.421886
0.424981
0.428097
0.431234
0.434393
0.437573
0.440774
0.443996
0.447241
0.450507
0.453795
0.457104
0.460436
0.463791
0.467167
0.470567
0.473988
0.477433
0.480900
0.484391
0.487904
0.491441
0.495001
0.498585
0.502192
0.505823
0.509478
0.513157
0.516860
0.520588
0.524339
0.528115
0.531916
0.535742
0.539592
0.543468
0.547369
0.551295
0.555246
0.559223
0.563226
0.567254
0.571308
0.575389
0.579495
0.583628
0.587787
0.591973
0.596186
0.600425
0.604692
0.608985
0.613306
0.617654
0.622029
0.626433
0.630863
0.635322
0.639809
0.644324
0.648867
0.653438
0.658038
0.662667
0.667324
0.672010
0.676726
0.681470
0.686244
0.691047
0.695879
0.700741
0.705633
0.710555
0.715507
0.720489
0.725501
0.730544
0.735617
0.740721
0.745855
0.751020
0.756217
0.761444
0.766703
0.771993
0.777314
0.782667
0.788052
0.793469
0.798917
0.804398
0.809910
0.815455
0.821032
0.826642
0.832285
0.837960
0.843667
0.849408
0.855182
0.860989
0.866829
0.872702
0.878609
0.884549
0.890523
0.896531
0.902572
0.908648
0.914757
0.920901
0.927078
0.933290
0.939536
0.945817
0.952132
0.958482
0.964866
0.971285
0.977739
0.984228
0.990752
0.997311
1.003905
1.010534
1.017199
1.023898
1.030633
1.037404
1.044210
1.051051
1.057928
1.064841
1.071790
1.078774
1.085793
1.092849
1.099941
1.107068
1.114231
1.121430
1.128665
1.135936
1.143243
1.150586
1.157965
1.165380
1.172831
1.180318
1.187841
1.195401
1.202996
1.210627
1.218294
1.225997
1.233736
1.241511
1.249322
1.257168
1.265051
1.272969
1.280923
1.288913
1.296938
1.304999
1.313096
1.321228
1.329395
1.337597
1.345835
1.354108
1.362416
1.370758
1.379136
1.387548
1.395995
1.404477
1.412993
1.421543
1.430127
1.438745
1.447397
1.456083
1.464802
1.473555
1.482340
1.491159
1.500011
1.508895
1.517812
1.526761
1.535742
1.544755
1.553799
1.562875
1.571982
1.581120
1.590289
1.599488
1.608717
1.617977
1.627265
1.636583
1.645931
1.655306
1.664711
1.674143
1.683603
1.693091
1.702605
1.712147
1.721715
1.731308
1.740928
1.750573
1.760242
1.769936
1.779655
1.789396
1.799161
1.808949
1.818759
1.828591
1.838444
1.848318
1.858213
1.868127
1.878061
1.888014
1.897984
1.907973
1.917979
1.928002
1.938041
1.948095
1.958164
1.968247
1.978344
1.988454
1.998577
2.008711
2.018856
2.029012
2.039177
2.049351
2.059533
2.069723
2.079920
2.090123
2.100330
2.110543
2.120759
2.130978
2.141198
2.151420
2.161643
2.171864
2.182085
2.192303
2.202517
2.212728
2.222934
2.233133
2.243325
2.253510
2.263685
2.273851
2.284005
2.294147
2.304277
2.314392
2.324491
2.334575
2.344641
2.354688
2.364715
2.374722
2.384706
2.394667
2.404603
2.414514
2.424398
2.434253
2.444079
2.453874
2.463637
2.473366
2.483060
2.492719
2.502339
2.511921
2.521462
2.530962
2.540418
2.549830
2.559195
2.568513
2.577781
2.586999
2.596164
2.605276
2.614332
2.623331
2.632271
2.641152
2.649970
2.658725
2.667414
2.676036
2.684590
2.693074
2.701485
2.709822
2.718084
2.726268
2.734372
2.742396
2.750336
2.758192
2.765961
2.773641
2.781231
2.788728
2.796131
2.803437
2.810645
2.817753
2.824758
2.831659
2.838454
2.845140
2.851715
2.858179
2.864527
2.870759
2.876871
2.882863
2.888732
2.894475
2.900091
2.905578
2.910932
2.916153
2.921237
2.926183
2.930989
2.935651
2.940168
2.944539
2.948759
2.952828
2.956742
2.960500
2.964099
2.967538
2.970813
2.973922
2.976864
2.979635
2.982234
2.984658
2.986905
2.988972
2.990858
2.992560
2.994075
2.995402
2.996537
2.997480
2.998226
2.998775
2.999124
2.999270
2.999212
2.998946
2.998472
2.997785
2.996886
2.995770
2.994436
2.992882
2.991105
2.989103
2.986875
2.984418
2.981729
2.978808
2.975651
2.972257
2.968624
2.964750
2.960632
2.956269
2.951659
2.946800
2.941690
2.936328
2.930711
2.924838
2.918707
2.912316
2.905665
2.898750
2.891572
2.884127
2.876415
2.868435
2.860184
2.851662
2.842867
2.833799
2.824455
2.814836
2.804939
2.794764
2.784310
2.773577
2.762563
2.751267
2.739689
2.727829
2.715686
2.703259
2.690549
2.677554
2.664275
2.650711
2.636863
2.622731
2.608315
2.593614
2.578630
2.563363
2.547813
2.531981
2.515867
2.499473
2.482800
2.465848
2.448618
2.431112
2.413332
2.395278
2.376953
2.358357
2.339493
2.320364
2.300970
2.281314
2.261398
2.241226
2.220799
2.200120
2.179193
2.158019
2.136603
2.114947
2.093056
2.070932
2.048579
2.026002
2.003204
1.980189
1.956962
1.933528
1.909890
1.886054
1.862025
1.837807
1.813407
1.788829
1.764080
1.739165
1.714090
1.688860
1.663484
1.637966
1.612314
1.586534
1.560633
1.534619
1.508499
1.482281
1.455971
1.429579
1.403111
1.376577
1.349985
1.323342
1.296659
1.269943
1.243205
1.216453
1.189696
1.162945
1.136209
1.109498
1.082822
1.056192
1.029617
1.003110
0.976679
0.950337
0.924094
0.897962
0.871952
0.846075
0.820344
0.794770
0.769365
0.744141
0.719111
0.694287
0.669681
0.645305
0.621174
0.597299
0.573693
0.550370
0.527343
0.504624
0.482228
0.460167
0.438455
0.417106
0.396132
0.375549
0.355368
0.335605
0.316272
0.297384
0.278953
0.260995
0.243522
0.226549
0.210088
0.194154
0.178760
0.163920
0.149647
0.135954
0.122855
0.110363
0.098491
0.087252
0.076659
0.066724
0.057459
0.048878
0.040992
0.033813
0.027353
0.021623
0.016635
0.012399
0.008926
0.006226
0.004310
0.003188
0.002868
0.003360
0.004672
0.006813
0.009791
0.013614
0.018288
0.023819
0.030216
0.037482
0.045623
0.054645
0.064550
0.075344
0.087028
0.099606
0.113079
0.127448
0.142715
0.158880
0.175941
0.193898
0.212748
0.232490
0.253119
0.274631
0.297023
0.320287
0.344418
0.369408
0.395250
0.421935
0.449453
0.477794
0.506946
0.536897
0.567635
0.599145
0.631413
0.664422
0.698158
0.732601
0.767733
0.803536
0.839988
0.877069
0.914757
0.953029
0.991860
1.031226
1.071101
1.111458
1.152270
1.193507
1.235141
1.277141
1.319476
1.362113
1.405019
1.448162
1.491505
1.535013
1.578650
1.622378
1.666161
1.709958
1.753731
1.797440
1.841043
1.884499
1.927766
1.970802
2.013564
2.056007
2.098088
2.139761
2.180983
2.221707
2.261889
2.301482
2.340439
2.378716
2.416266
2.453041
2.488996
2.524085
2.558261
2.591479
2.623692
2.654855
2.684924
2.713852
2.741598
2.768116
2.793363
2.817299
2.839881
2.861070
2.880824
2.899107
2.915881
2.931109
2.944756
2.956790
2.967177
2.975888
2.982893
2.988166
2.991679
2.993410
2.993337
2.991440
2.987701
2.982104
2.974637
2.965287
2.954047
2.940910
2.925873
2.908934
2.890095
2.869360
2.846736
2.822234
2.795866
2.767647
2.737598
2.705739
2.672095
2.636696
2.599571
2.560756
2.520289
2.478209
2.434563
2.389396
2.342760
2.294709
2.245300
2.194594
2.142654
2.089548
2.035345
1.980119
1.923946
1.866905
1.809078
1.750550
1.691410
1.631746
1.571654
1.511227
1.450563
1.389764
1.328930
1.268166
1.207577
1.147272
1.087358
1.027947
0.969149
0.911076
0.853842
0.797560
0.742343
0.688305
0.635559
0.584219
0.534397
0.486204
0.439750
0.395144
0.352493
0.311902
0.273473
0.237307
0.203501
0.172149
0.143341
0.117165
0.093703
0.073034
0.055231
0.040364
0.028496
0.019686
0.013986
0.011443
0.012097
0.015983
0.023126
0.033546
0.047257
0.064264
0.084564
0.108146
0.134993
0.165077
0.198364
0.234810
0.274363
0.316963
0.362539
0.411015
0.462302
0.516305
0.572921
0.632034
0.693525
0.757263
0.823108
0.890915
0.960529
1.031788
1.104521
1.178553
1.253698
1.329767
1.406564
1.483886
1.561526
1.639273
1.716911
1.794218
1.870974
1.946952
2.021926
2.095667
2.167946
2.238534
2.307205
2.373732
2.437891
2.499463
2.558231
2.613983
2.666515
2.715628
2.761129
2.802835
2.840571
2.874174
2.903488
2.928373
2.948696
2.964342
2.975208
2.981203
2.982255
2.978307
2.969316
2.955260
2.936131
2.911941
2.882719
2.848516
2.809399
2.765456
2.716793
2.663537
2.605834
2.543851
2.477772
2.407802
2.334165
2.257101
2.176870
2.093750
2.008034
1.920032
1.830067
1.738478
1.645616
1.551843
1.457534
1.363070
1.268842
1.175246
1.082682
0.991554
0.902266
0.815224
0.730828
0.649476
0.571559
0.497458
0.427547
0.362185
0.301717
0.246473
0.196763
0.152877
0.115084
0.083627
0.058724
0.040565
0.029310
0.025088
0.027997
0.038100
0.055426
0.079965
0.111674
0.150470
0.196232
0.248802
0.307981
0.373534
0.445185
0.522624
0.605500
0.693428
0.785988
0.882728
0.983162
1.086777
1.193031
1.301357
1.411167
1.521853
1.632791
1.743343
1.852864
1.960701
2.066201
2.168712
2.267587
2.362193
2.451909
2.536133
2.614287
2.685821
2.750215
2.806989
2.855698
2.895945
2.927379
2.949702
2.962669
2.966095
2.959853
2.943882
2.918183
2.882827
2.837950
2.783759
2.720528
2.648603
2.568394
2.480381
2.385108
2.283181
2.175267
2.062088
1.944420
1.823084
1.698946
1.572908
1.445904
1.318890
1.192843
1.068746
0.947588
0.830351
0.718005
0.611495
0.511740
0.419617
0.335959
0.261542
0.197080
0.143216
0.100515
0.069457
0.050431
0.043728
0.049537
0.067942
0.098917
0.142321
0.197901
0.265290
0.344005
0.433452
0.532925
0.641614
0.758608
0.882898
1.013392
1.148915
1.288223
1.430015
1.572939
1.715609
1.856617
1.994545
2.127980
2.255532
2.375842
2.487604
2.589577
2.680597
2.759599
2.825623
2.877831
2.915520
2.938129
2.945255
2.936655
2.912258
2.872168
2.816667
2.746215
2.661455
2.563202
2.452444
2.330332
2.198172
2.057412
1.909628
1.756509
1.599840
1.441480
1.283342
1.127373
0.975524
0.829734
0.691896
0.563838
0.447296
0.343885
0.255083
0.182198
0.126355
0.088469
0.069235
0.069104
0.088279
0.126700
0.184040
0.259706
0.352834
0.462301
0.586730
0.724507
0.873794
1.032556
1.198581
1.369510
1.542872
1.716111
1.886632
2.051832
2.209142
2.356072
2.490247
2.609447
2.711652
2.795073
2.858190
2.899782
2.918955
2.915168
2.888244
2.838388
2.766193
2.672636
2.559074
2.427229
2.279169
2.117278
1.944224
1.762919
1.576473
1.388142
1.201272
1.019246
0.845415
0.683040
0.535228
0.404870
0.294580
0.206640
0.142945
0.104959
0.093675
0.109586
0.152656
0.222315
0.317454
0.436432
0.577098
0.736824
0.912541
1.100801
1.297830
1.499606
1.701937
1.900543
2.091150
2.269581
2.431852
2.574260
2.693475
2.786627
2.851376
2.885982
2.889358
2.861114
2.801580
2.711820
2.593621
2.449473
2.282525
2.096524
1.895744
1.684891
1.468999
1.253313
1.043166
0.843845
0.660457
0.497793
0.360201
0.251455
0.174653
0.132109
0.125278
0.154694
0.219934
0.319603
0.451352
0.611914
0.797176
1.002267
1.221682
1.449417
1.679128
1.904305
2.118458
2.315301
2.488944
2.634079
2.746146
2.821493
2.857507
2.852718
2.806873
2.720975
2.597282
2.439265
2.251533
2.039713
1.810293
1.570438
1.327773
1.090144
0.865367
0.660968
0.483924
0.340414
0.235593
0.173387
0.156331
0.185445
0.260163
0.378313
0.536153
0.728469
0.948723
1.189261
1.441560
1.696523
1.944800
2.177131
2.384695
2.559453
2.694478
2.784242
2.824868
2.814318
2.752520
2.641420
2.484951
2.288924
2.060841
1.809629
1.545312
1.278620
1.020562
0.781971
0.573047
0.402899
0.279137
0.207505
0.191582
0.232580
0.329227
0.477768
0.672069
0.903838
1.162949
1.437859
1.716111
1.984881
2.231576
2.444430
2.613082
2.729105
2.786458
2.781837
2.714902
2.588365
2.407928
2.182074
1.921701
1.639634
1.350012
1.067596
0.807018
0.582012
0.404678
0.284793
0.229242
0.241572
0.321727
0.465961
0.666954
0.914138
1.194199
1.491770
1.790241
2.072681
2.322801
2.525911
2.669812
2.745571
2.748129
2.676691
2.534876
2.330603
2.075712
1.785330
1.477015
1.169722
0.882647
0.634026
0.439945
0.313266
0.262717
0.292231
0.400570
0.581291
0.823048
1.110235
1.423941
1.743155
2.046153
2.311981
2.521924
2.660871
2.718462
2.689932
2.576587
2.385849
2.130863
1.829667
1.503980
1.177677
0.875059
0.619029
0.429330
0.320956
0.302898
0.377299
0.539133
0.776435
1.071081
1.400098
1.737395
2.055802
2.329264
2.535004
2.655485
2.679995
2.605699
2.438064
2.190585
1.883807
1.543718
1.199601
0.881550
0.617820
0.432277
0.342148
0.356321
0.474341
0.686235
0.973224
1.309259
1.663304
2.002148
2.293516
2.509180
2.627780
2.637049
2.535227
2.331471
2.045195
1.704355
1.342827
0.997101
0.702602
0.490020
0.382014
0.390660
0.515943
0.745481
1.055577
1.413509
1.780883
2.117697
2.386711
2.557637
2.610677
2.538988
2.349748
2.063648
1.712813
1.337342
0.980797
0.685166
0.485852
0.407303
0.459832
0.638053
0.921191
1.275288
1.657118
2.019365
2.316477
2.510461
2.575898
2.503475
2.301549
1.995446
1.624517
1.237239
0.884972
0.615128
0.464686
0.454929
0.588186
0.847092
1.196575
1.588379
1.967588
2.280285
2.481296
2.540892
2.449447
2.219285
1.883338
1.490705
1.099654
0.769047
0.549413
0.475046
0.558369
0.787538
1.127767
1.526307
1.920431
2.247231
2.453738
2.505721
2.393679
2.134930
1.771319
1.362761
0.977555
0.681001
0.524199
0.534966
0.712530
1.027053
1.424252
1.834483
2.184820
2.412074
2.474420
2.359468
2.087155
1.706745
1.288280
0.909890
0.643207
0.539605
0.619932
0.869845
1.241861
1.663957
2.053264
2.332306
2.444613
2.366548
2.112787
1.734120
1.307733
0.921747
0.657019
0.569968
0.680105
0.965096
1.364707
1.793073
2.156916
2.375905
2.400720
2.224690
1.886176
1.460806
1.044997
0.734239
0.600976
0.677259
0.946396
1.345900
1.781441
2.148820
2.358949
2.359839
2.150099
1.780303
1.341468
0.943072
0.685798
0.635772
0.806930
1.156378
1.594388
2.006924
2.285212
2.354710
2.195727
1.849821
1.409753
0.995170
0.720219
0.661797
0.837344
1.198758
1.644710
2.048502
2.293959
2.309266
2.088779
1.695986
1.246099
0.872758
0.688297
0.749380
1.038664
1.468658
1.907368
2.218471
2.303937
2.135699
1.765945
1.311970
0.919638
0.716573
0.770066
1.063743
1.501375
1.937488
2.225371
2.266783
2.046428
1.638812
1.184166
0.840792
0.729790
0.891496
1.269558
1.729320
2.105005
2.259493
2.135150
1.776630
1.316206
0.925868
0.753171
0.864689
1.219001
1.680621
2.070839
2.236794
2.112178
1.745158
1.281280
0.906725
0.773611
0.937270
1.331693
1.794602
2.133329
2.205161
1.978629
1.548976
1.099635
0.824605
0.844225
1.151080
1.610923
2.020025
2.195099
2.056320
1.665459
1.200221
0.874517
0.839904
1.113654
1.568195
1.988923
2.175027
2.036231
1.638480
1.174613
0.871996
0.880756
1.197658
1.664985
2.047401
2.150222
1.919828
1.473824
1.043007
0.852676
1.003870
1.417587
1.873796
2.127312
2.040165
1.658751
1.191576
0.896744
0.939031
1.295806
1.766556
2.083873
2.065507
1.721001
1.249461
0.926333
0.942421
1.289212
1.760539
2.073244
2.037427
1.673911
1.205043
0.920554
0.998186
1.390272
1.850038
2.085232
1.944590
1.517790
1.081248
0.920437
1.141994
1.600008
1.989254
2.047824
1.735212
1.263610
0.956383
1.026324
1.425675
1.875328
2.058052
1.843354
1.383934
1.010251
0.993618
1.346998
1.811281
2.042834
1.868460
1.418222
1.031955
1.003863
1.356226
1.817860
2.030233
1.826671
1.366732
1.014774
1.052114
1.449456
1.885739
2.005358
1.709559
1.242070
0.991586
1.168324
1.623922
1.971921
1.914596
1.500656
1.088321
1.037407
1.393181
1.841544
1.983344
1.691021
1.227851
1.014526
1.246545
1.710754
1.976954
1.796381
1.338239
1.035736
1.177217
1.627467
1.952081
1.835407
1.391193
1.056735
1.163820
1.605915
1.938962
1.825903
1.381561
1.061313
1.195806
1.645579
1.940347
1.769635
1.314152
1.059781
1.279843
1.736588
1.932966
1.653727
1.206703
1.088137
1.430602
1.848938
1.869460
1.468737
1.106494
1.201065
1.642507
1.914283
1.696332
1.247096
1.102651
1.436407
1.844768
1.830841
1.411836
1.104402
1.289911
1.736468
1.882687
1.543780
1.151540
1.208622
1.641082
1.887292
1.625763
1.200790
1.174868
1.582134
1.876292
1.660676
1.228556
