5001
0.000000
0.002841
0.011348
0.025473
0.045135
0.070224
0.100595
0.136077
0.176467
0.221538
0.271031
0.324667
0.382140
0.443124
0.507273
0.574221
0.643588
0.714981
0.787993
0.862210
0.937209
1.012566
1.087851
1.162637
1.236499
1.309017
1.379779
1.448383
1.514440
1.577573
1.637424
1.693653
1.745941
1.793990
1.837528
1.876307
1.910106
1.938734
1.962028
1.979855
1.992115
1.998737
1.999684
1.994951
1.984564
1.968583
1.947098
1.920232
1.888136
1.850994
1.809017
1.762443
1.711536
1.656586
1.597905
1.535827
1.470704
1.402906
1.332820
1.260842
1.187381
1.112856
1.037690
0.962310
0.887144
0.812619
0.739158
0.667180
0.597094
0.529296
0.464173
0.402095
0.343414
0.288464
0.237557
0.190983
0.149006
0.111864
0.079768
0.052902
0.031417
0.015436
0.005049
0.000316
0.001263
0.007885
0.020145
0.037972
0.061266
0.089894
0.123693
0.162472
0.206010
0.254059
0.306347
0.362576
0.422427
0.485560
0.551617
0.620221
0.690983
0.763501
0.837363
0.912149
0.987434
1.062791
1.137790
1.212007
1.285019
1.356412
1.425779
1.492727
1.556876
1.617860
1.675333
1.728969
1.778462
1.823533
1.863923
1.899405
1.929776
1.954865
1.974527
1.988652
1.997159
2.000000
1.997159
1.988652
1.974527
1.954865
1.929776
1.899405
1.863923
1.823533
1.778462
1.728969
1.675333
1.617860
1.556876
1.492727
1.425779
1.356412
1.285019
1.212007
1.137790
1.062791
0.987434
0.912149
0.837363
0.763501
0.690983
0.620221
0.551617
0.485560
0.422427
0.362576
0.306347
0.254059
0.206010
0.162472
0.123693
0.089894
0.061266
0.037972
0.020145
0.007885
0.001263
0.000316
0.005049
0.015436
0.031417
0.052902
0.079768
0.111864
0.149006
0.190983
0.237557
0.288464
0.343414
0.402095
0.464173
0.529296
0.597094
0.667180
0.739158
0.812619
0.887144
0.962310
1.037690
1.112856
1.187381
1.260842
1.332820
1.402906
1.470704
1.535827
1.597905
1.656586
1.711536
1.762443
1.809017
1.850994
1.888136
1.920232
1.947098
1.968583
1.984564
1.994951
1.999684
1.998737
1.992115
1.979855
1.962028
1.938734
1.910106
1.876307
1.837528
1.793990
1.745941
1.693653
1.637424
1.577573
1.514440
1.448383
1.379779
1.309017
1.236499
1.162637
1.087851
1.012566
0.937209
0.862210
0.787993
0.714981
0.643588
0.574221
0.507273
0.443124
0.382140
0.324667
0.271031
0.221538
0.176467
0.136077
0.100595
0.070224
0.045135
0.025473
0.011348
0.002841
0.000000
0.002841
0.011348
0.025473
0.045135
0.070224
0.100595
0.136077
0.176467
0.221538
0.271031
0.324667
0.382140
0.443124
0.507273
0.574221
0.643588
0.714981
0.787993
0.862210
0.937209
1.012566
1.087851
1.162637
1.236499
1.309017
1.379779
1.448383
1.514440
1.577573
1.637424
1.693653
1.745941
1.793990
1.837528
1.876307
1.910106
1.938734
1.962028
1.979855
1.992115
1.998737
1.999684
1.994951
1.984564
1.968583
1.947098
1.920232
1.888136
1.850994
1.809017
1.762443
1.711536
1.656586
1.597905
1.535827
1.470704
1.402906
1.332820
1.260842
1.187381
1.112856
1.037690
0.962310
0.887144
0.812619
0.739158
0.667180
0.597094
0.529296
0.464173
0.402095
0.343414
0.288464
0.237557
0.190983
0.149006
0.111864
0.079768
0.052902
0.031417
0.015436
0.005049
0.000316
0.001263
0.007885
0.020145
0.037972
0.061266
0.089894
0.123693
0.162472
0.206010
0.254059
0.306347
0.362576
0.422427
0.485560
0.551617
0.620221
0.690983
0.763501
0.837363
0.912149
0.987434
1.062791
1.137790
1.212007
1.285019
1.356412
1.425779
1.492727
1.556876
1.617860
1.675333
1.728969
1.778462
1.823533
1.863923
1.899405
1.929776
1.954865
1.974527
1.988652
1.997159
2.000000
1.997159
1.988652
1.974527
1.954865
1.929776
1.899405
1.863923
1.823533
1.778462
1.728969
1.675333
1.617860
1.556876
1.492727
1.425779
1.356412
1.285019
1.212007
1.137790
1.062791
0.987434
0.912149
0.837363
0.763501
0.690983
0.620221
0.551617
0.485560
0.422427
0.362576
0.306347
0.254059
0.206010
0.162472
0.123693
0.089894
0.061266
0.037972
0.020145
0.007885
0.001263
0.000316
0.005049
0.015436
0.031417
0.052902
0.079768
0.111864
0.149006
0.190983
0.237557
0.288464
0.343414
0.402095
0.464173
0.529296
0.597094
0.667180
0.739158
0.812619
0.887144
0.962310
1.037690
1.112856
1.187381
1.260842
1.332820
1.402906
1.470704
1.535827
1.597905
1.656586
1.711536
1.762443
1.809017
1.850994
1.888136
1.920232
1.947098
1.968583
1.984564
1.994951
1.999684
1.998737
1.992115
1.979855
1.962028
1.938734
1.910106
1.876307
1.837528
1.793990
1.745941
1.693653
1.637424
1.577573
1.514440
1.448383
1.379779
1.309017
1.236499
1.162637
1.087851
1.012566
0.937209
0.862210
0.787993
0.714981
0.643588
0.574221
0.507273
0.443124
0.382140
0.324667
0.271031
0.221538
0.176467
0.136077
0.100595
0.070224
0.045135
0.025473
0.011348
0.002841
0.000000
0.002841
0.011348
0.025473
0.045135
0.070224
0.100595
0.136077
0.176467
0.221538
0.271031
0.324667
0.382140
0.443124
0.507273
0.574221
0.643588
0.714981
0.787993
0.862210
0.937209
1.012566
1.087851
1.162637
1.236499
1.309017
1.379779
1.448383
1.514440
1.577573
1.637424
1.693653
1.745941
1.793990
1.837528
1.876307
1.910106
1.938734
1.962028
1.979855
1.992115
1.998737
1.999684
1.994951
1.984564
1.968583
1.947098
1.920232
1.888136
1.850994
1.809017
1.762443
1.711536
1.656586
1.597905
1.535827
1.470704
1.402906
1.332820
1.260842
1.187381
1.112856
1.037690
0.962310
0.887144
0.812619
0.739158
0.667180
0.597094
0.529296
0.464173
0.402095
0.343414
0.288464
0.237557
0.190983
0.149006
0.111864
0.079768
0.052902
0.031417
0.015436
0.005049
0.000316
0.001263
0.007885
0.020145
0.037972
0.061266
0.089894
0.123693
0.162472
0.206010
0.254059
0.306347
0.362576
0.422427
0.485560
0.551617
0.620221
0.690983
0.763501
0.837363
0.912149
0.987434
1.062791
1.137790
1.212007
1.285019
1.356412
1.425779
1.492727
1.556876
1.617860
1.675333
1.728969
1.778462
1.823533
1.863923
1.899405
1.929776
1.954865
1.974527
1.988652
1.997159
2.000000
1.997159
1.988652
1.974527
1.954865
1.929776
1.899405
1.863923
1.823533
1.778462
1.728969
1.675333
1.617860
1.556876
1.492727
1.425779
1.356412
1.285019
1.212007
1.137790
1.062791
0.987434
0.912149
0.837363
0.763501
0.690983
0.620221
0.551617
0.485560
0.422427
0.362576
0.306347
0.254059
0.206010
0.162472
0.123693
0.089894
0.061266
0.037972
0.020145
0.007885
0.001263
0.000316
0.005049
0.015436
0.031417
0.052902
0.079768
0.111864
0.149006
0.190983
0.237557
0.288464
0.343414
0.402095
0.464173
0.529296
0.597094
0.667180
0.739158
0.812619
0.887144
0.962310
1.037690
1.112856
1.187381
1.260842
1.332820
1.402906
1.470704
1.535827
1.597905
1.656586
1.711536
1.762443
1.809017
1.850994
1.888136
1.920232
1.947098
1.968583
1.984564
1.994951
1.999684
1.998737
1.992115
1.979855
1.962028
1.938734
1.910106
1.876307
1.837528
1.793990
1.745941
1.693653
1.637424
1.577573
1.514440
1.448383
1.379779
1.309017
1.236499
1.162637
1.087851
1.012566
0.937209
0.862210
0.787993
0.714981
0.643588
0.574221
0.507273
0.443124
0.382140
0.324667
0.271031
0.221538
0.176467
0.136077
0.100595
0.070224
0.045135
0.025473
0.011348
0.002841
0.000000
0.002841
0.011348
0.025473
0.045135
0.070224
0.100595
0.136077
0.176467
0.221538
0.271031
0.324667
0.382140
0.443124
0.507273
0.574221
0.643588
0.714981
0.787993
0.862210
0.937209
1.012566
1.087851
1.162637
1.236499
1.309017
1.379779
1.448383
1.514440
1.577573
1.637424
1.693653
1.745941
1.793990
1.837528
1.876307
1.910106
1.938734
1.962028
1.979855
1.992115
1.998737
1.999684
1.994951
1.984564
1.968583
1.947098
1.920232
1.888136
1.850994
1.809017
1.762443
1.711536
1.656586
1.597905
1.535827
1.470704
1.402906
1.332820
1.260842
1.187381
1.112856
1.037690
0.962310
0.887144
0.812619
0.739158
0.667180
0.597094
0.529296
0.464173
0.402095
0.343414
0.288464
0.237557
0.190983
0.149006
0.111864
0.079768
0.052902
0.031417
0.015436
0.005049
0.000316
0.001263
0.007885
0.020145
0.037972
0.061266
0.089894
0.123693
0.162472
0.206010
0.254059
0.306347
0.362576
0.422427
0.485560
0.551617
0.620221
0.690983
0.763501
0.837363
0.912149
0.987434
1.062791
1.137790
1.212007
1.285019
1.356412
1.425779
1.492727
1.556876
1.617860
1.675333
1.728969
1.778462
1.823533
1.863923
1.899405
1.929776
1.954865
1.974527
1.988652
1.997159
2.000000
1.997159
1.988652
1.974527
1.954865
1.929776
1.899405
1.863923
1.823533
1.778462
1.728969
1.675333
1.617860
1.556876
1.492727
1.425779
1.356412
1.285019
1.212007
1.137790
1.062791
0.987434
0.912149
0.837363
0.763501
0.690983
0.620221
0.551617
0.485560
0.422427
0.362576
0.306347
0.254059
0.206010
0.162472
0.123693
0.089894
0.061266
0.037972
0.020145
0.007885
0.001263
0.000316
0.005049
0.015436
0.031417
0.052902
0.079768
0.111864
0.149006
0.190983
0.237557
0.288464
0.343414
0.402095
0.464173
0.529296
0.597094
0.667180
0.739158
0.812619
0.887144
0.962310
1.037690
1.112856
1.187381
1.260842
1.332820
1.402906
1.470704
1.535827
1.597905
1.656586
1.711536
1.762443
1.809017
1.850994
1.888136
1.920232
1.947098
1.968583
1.984564
1.994951
1.999684
1.998737
1.992115
1.979855
1.962028
1.938734
1.910106
1.876307
1.837528
1.793990
1.745941
1.693653
1.637424
1.577573
1.514440
1.448383
1.379779
1.309017
1.236499
1.162637
1.087851
1.012566
0.937209
0.862210
0.787993
0.714981
0.643588
0.574221
0.507273
0.443124
0.382140
0.324667
0.271031
0.221538
0.176467
0.136077
0.100595
0.070224
0.045135
0.025473
0.011348
0.002841
0.000000
0.002841
0.011348
0.025473
0.045135
0.070224
0.100595
0.136077
0.176467
0.221538
0.271031
0.324667
0.382140
0.443124
0.507273
0.574221
0.643588
0.714981
0.787993
0.862210
0.937209
1.012566
1.087851
1.162637
1.236499
1.309017
1.379779
1.448383
1.514440
1.577573
1.637424
1.693653
1.745941
1.793990
1.837528
1.876307
1.910106
1.938734
1.962028
1.979855
1.992115
1.998737
1.999684
1.994951
1.984564
1.968583
1.947098
1.920232
1.888136
1.850994
1.809017
1.762443
1.711536
1.656586
1.597905
1.535827
1.470704
1.402906
1.332820
1.260842
1.187381
1.112856
1.037690
0.962310
0.887144
0.812619
0.739158
0.667180
0.597094
0.529296
0.464173
0.402095
0.343414
0.288464
0.237557
0.190983
0.149006
0.111864
0.079768
0.052902
0.031417
0.015436
0.005049
0.000316
0.001263
0.007885
0.020145
0.037972
0.061266
0.089894
0.123693
0.162472
0.206010
0.254059
0.306347
0.362576
0.422427
0.485560
0.551617
0.620221
0.690983
0.763501
0.837363
0.912149
0.987434
1.062791
1.137790
1.212007
1.285019
1.356412
1.425779
1.492727
1.556876
1.617860
1.675333
1.728969
1.778462
1.823533
1.863923
1.899405
1.929776
1.954865
1.974527
1.988652
1.997159
2.000000
1.997159
1.988652
1.974527
1.954865
1.929776
1.899405
1.863923
1.823533
1.778462
1.728969
1.675333
1.617860
1.556876
1.492727
1.425779
1.356412
1.285019
1.212007
1.137790
1.062791
0.987434
0.912149
0.837363
0.763501
0.690983
0.620221
0.551617
0.485560
0.422427
0.362576
0.306347
0.254059
0.206010
0.162472
0.123693
0.089894
0.061266
0.037972
0.020145
0.007885
0.001263
0.000316
0.005049
0.015436
0.031417
0.052902
0.079768
0.111864
0.149006
0.190983
0.237557
0.288464
0.343414
0.402095
0.464173
0.529296
0.597094
0.667180
0.739158
0.812619
0.887144
0.962310
1.037690
1.112856
1.187381
1.260842
1.332820
1.402906
1.470704
1.535827
1.597905
1.656586
1.711536
1.762443
1.809017
1.850994
1.888136
1.920232
1.947098
1.968583
1.984564
1.994951
1.999684
1.998737
1.992115
1.979855
1.962028
1.938734
1.910106
1.876307
1.837528
1.793990
1.745941
1.693653
1.637424
1.577573
1.514440
1.448383
1.379779
1.309017
1.236499
1.162637
1.087851
1.012566
0.937209
0.862210
0.787993
0.714981
0.643588
0.574221
0.507273
0.443124
0.382140
0.324667
0.271031
0.221538
0.176467
0.136077
0.100595
0.070224
0.045135
0.025473
0.011348
0.002841
0.000000
0.002841
0.011348
0.025473
0.045135
0.070224
0.100595
0.136077
0.176467
0.221538
0.271031
0.324667
0.382140
0.443124
0.507273
0.574221
0.643588
0.714981
0.787993
0.862210
0.937209
1.012566
1.087851
1.162637
1.236499
1.309017
1.379779
1.448383
1.514440
1.577573
1.637424
1.693653
1.745941
1.793990
1.837528
1.876307
1.910106
1.938734
1.962028
1.979855
1.992115
1.998737
1.999684
1.994951
1.984564
1.968583
1.947098
1.920232
1.888136
1.850994
1.809017
1.762443
1.711536
1.656586
1.597905
1.535827
1.470704
1.402906
1.332820
1.260842
1.187381
1.112856
1.037690
0.962310
0.887144
0.812619
0.739158
0.667180
0.597094
0.529296
0.464173
0.402095
0.343414
0.288464
0.237557
0.190983
0.149006
0.111864
0.079768
0.052902
0.031417
0.015436
0.005049
0.000316
0.001263
0.007885
0.020145
0.037972
0.061266
0.089894
0.123693
0.162472
0.206010
0.254059
0.306347
0.362576
0.422427
0.485560
0.551617
0.620221
0.690983
0.763501
0.837363
0.912149
0.987434
1.062791
1.137790
1.212007
1.285019
1.356412
1.425779
1.492727
1.556876
1.617860
1.675333
1.728969
1.778462
1.823533
1.863923
1.899405
1.929776
1.954865
1.974527
1.988652
1.997159
2.000000
1.997159
1.988652
1.974527
1.954865
1.929776
1.899405
1.863923
1.823533
1.778462
1.728969
1.675333
1.617860
1.556876
1.492727
1.425779
1.356412
1.285019
1.212007
1.137790
1.062791
0.987434
0.912149
0.837363
0.763501
0.690983
0.620221
0.551617
0.485560
0.422427
0.362576
0.306347
0.254059
0.206010
0.162472
0.123693
0.089894
0.061266
0.037972
0.020145
0.007885
0.001263
0.000316
0.005049
0.015436
0.031417
0.052902
0.079768
0.111864
0.149006
0.190983
0.237557
0.288464
0.343414
0.402095
0.464173
0.529296
0.597094
0.667180
0.739158
0.812619
0.887144
0.962310
1.037690
1.112856
1.187381
1.260842
1.332820
1.402906
1.470704
1.535827
1.597905
1.656586
1.711536
1.762443
1.809017
1.850994
1.888136
1.920232
1.947098
1.968583
1.984564
1.994951
1.999684
1.998737
1.992115
1.979855
1.962028
1.938734
1.910106
1.876307
1.837528
1.793990
1.745941
1.693653
1.637424
1.577573
1.514440
1.448383
1.379779
1.309017
1.236499
1.162637
1.087851
1.012566
0.937209
0.862210
0.787993
0.714981
0.643588
0.574221
0.507273
0.443124
0.382140
0.324667
0.271031
0.221538
0.176467
0.136077
0.100595
0.070224
0.045135
0.025473
0.011348
0.002841
0.000000
0.002841
0.011348
0.025473
0.045135
0.070224
0.100595
0.136077
0.176467
0.221538
0.271031
0.324667
0.382140
0.443124
0.507273
0.574221
0.643588
0.714981
0.787993
0.862210
0.937209
1.012566
1.087851
1.162637
1.236499
1.309017
1.379779
1.448383
1.514440
1.577573
1.637424
1.693653
1.745941
1.793990
1.837528
1.876307
1.910106
1.938734
1.962028
1.979855
1.992115
1.998737
1.999684
1.994951
1.984564
1.968583
1.947098
1.920232
1.888136
1.850994
1.809017
1.762443
1.711536
1.656586
1.597905
1.535827
1.470704
1.402906
1.332820
1.260842
1.187381
1.112856
1.037690
0.962310
0.887144
0.812619
0.739158
0.667180
0.597094
0.529296
0.464173
0.402095
0.343414
0.288464
0.237557
0.190983
0.149006
0.111864
0.079768
0.052902
0.031417
0.015436
0.005049
0.000316
0.001263
0.007885
0.020145
0.037972
0.061266
0.089894
0.123693
0.162472
0.206010
0.254059
0.306347
0.362576
0.422427
0.485560
0.551617
0.620221
0.690983
0.763501
0.837363
0.912149
0.987434
1.062791
1.137790
1.212007
1.285019
1.356412
1.425779
1.492727
1.556876
1.617860
1.675333
1.728969
1.778462
1.823533
1.863923
1.899405
1.929776
1.954865
1.974527
1.988652
1.997159
2.000000
1.997159
1.988652
1.974527
1.954865
1.929776
1.899405
1.863923
1.823533
1.778462
1.728969
1.675333
1.617860
1.556876
1.492727
1.425779
1.356412
1.285019
1.212007
1.137790
1.062791
0.987434
0.912149
0.837363
0.763501
0.690983
0.620221
0.551617
0.485560
0.422427
0.362576
0.306347
0.254059
0.206010
0.162472
0.123693
0.089894
0.061266
0.037972
0.020145
0.007885
0.001263
0.000316
0.005049
0.015436
0.031417
0.052902
0.079768
0.111864
0.149006
0.190983
0.237557
0.288464
0.343414
0.402095
0.464173
0.529296
0.597094
0.667180
0.739158
0.812619
0.887144
0.962310
1.037690
1.112856
1.187381
1.260842
1.332820
1.402906
1.470704
1.535827
1.597905
1.656586
1.711536
1.762443
1.809017
1.850994
1.888136
1.920232
1.947098
1.968583
1.984564
1.994951
1.999684
1.998737
1.992115
1.979855
1.962028
1.938734
1.910106
1.876307
1.837528
1.793990
1.745941
1.693653
1.637424
1.577573
1.514440
1.448383
1.379779
1.309017
1.236499
1.162637
1.087851
1.012566
0.937209
0.862210
0.787993
0.714981
0.643588
0.574221
0.507273
0.443124
0.382140
0.324667
0.271031
0.221538
0.176467
0.136077
0.100595
0.070224
0.045135
0.025473
0.011348
0.002841
0.000000
0.002841
0.011348
0.025473
0.045135
0.070224
0.100595
0.136077
0.176467
0.221538
0.271031
0.324667
0.382140
0.443124
0.507273
0.574221
0.643588
0.714981
0.787993
0.862210
0.937209
1.012566
1.087851
1.162637
1.236499
1.309017
1.379779
1.448383
1.514440
1.577573
1.637424
1.693653
1.745941
1.793990
1.837528
1.876307
1.910106
1.938734
1.962028
1.979855
1.992115
1.998737
1.999684
1.994951
1.984564
1.968583
1.947098
1.920232
1.888136
1.850994
1.809017
1.762443
1.711536
1.656586
1.597905
1.535827
1.470704
1.402906
1.332820
1.260842
1.187381
1.112856
1.037690
0.962310
0.887144
0.812619
0.739158
0.667180
0.597094
0.529296
0.464173
0.402095
0.343414
0.288464
0.237557
0.190983
0.149006
0.111864
0.079768
0.052902
0.031417
0.015436
0.005049
0.000316
0.001263
0.007885
0.020145
0.037972
0.061266
0.089894
0.123693
0.162472
0.206010
0.254059
0.306347
0.362576
0.422427
0.485560
0.551617
0.620221
0.690983
0.763501
0.837363
0.912149
0.987434
1.062791
1.137790
1.212007
1.285019
1.356412
1.425779
1.492727
1.556876
1.617860
1.675333
1.728969
1.778462
1.823533
1.863923
1.899405
1.929776
1.954865
1.974527
1.988652
1.997159
2.000000
1.997159
1.988652
1.974527
1.954865
1.929776
1.899405
1.863923
1.823533
1.778462
1.728969
1.675333
1.617860
1.556876
1.492727
1.425779
1.356412
1.285019
1.212007
1.137790
1.062791
0.987434
0.912149
0.837363
0.763501
0.690983
0.620221
0.551617
0.485560
0.422427
0.362576
0.306347
0.254059
0.206010
0.162472
0.123693
0.089894
0.061266
0.037972
0.020145
0.007885
0.001263
0.000316
0.005049
0.015436
0.031417
0.052902
0.079768
0.111864
0.149006
0.190983
0.237557
0.288464
0.343414
0.402095
0.464173
0.529296
0.597094
0.667180
0.739158
0.812619
0.887144
0.962310
1.037690
1.112856
1.187381
1.260842
1.332820
1.402906
1.470704
1.535827
1.597905
1.656586
1.711536
1.762443
1.809017
1.850994
1.888136
1.920232
1.947098
1.968583
1.984564
1.994951
1.999684
1.998737
1.992115
1.979855
1.962028
1.938734
1.910106
1.876307
1.837528
1.793990
1.745941
1.693653
1.637424
1.577573
1.514440
1.448383
1.379779
1.309017
1.236499
1.162637
1.087851
1.012566
0.937209
0.862210
0.787993
0.714981
0.643588
0.574221
0.507273
0.443124
0.382140
0.324667
0.271031
0.221538
0.176467
0.136077
0.100595
0.070224
0.045135
0.025473
0.011348
0.002841
0.000000
0.002841
0.011348
0.025473
0.045135
0.070224
0.100595
0.136077
0.176467
0.221538
0.271031
0.324667
0.382140
0.443124
0.507273
0.574221
0.643588
0.714981
0.787993
0.862210
0.937209
1.012566
1.087851
1.162637
1.236499
1.309017
1.379779
1.448383
1.514440
1.577573
1.637424
1.693653
1.745941
1.793990
1.837528
1.876307
1.910106
1.938734
1.962028
1.979855
1.992115
1.998737
1.999684
1.994951
1.984564
1.968583
1.947098
1.920232
1.888136
1.850994
1.809017
1.762443
1.711536
1.656586
1.597905
1.535827
1.470704
1.402906
1.332820
1.260842
1.187381
1.112856
1.037690
0.962310
0.887144
0.812619
0.739158
0.667180
0.597094
0.529296
0.464173
0.402095
0.343414
0.288464
0.237557
0.190983
0.149006
0.111864
0.079768
0.052902
0.031417
0.015436
0.005049
0.000316
0.001263
0.007885
0.020145
0.037972
0.061266
0.089894
0.123693
0.162472
0.206010
0.254059
0.306347
0.362576
0.422427
0.485560
0.551617
0.620221
0.690983
0.763501
0.837363
0.912149
0.987434
1.062791
1.137790
1.212007
1.285019
1.356412
1.425779
1.492727
1.556876
1.617860
1.675333
1.728969
1.778462
1.823533
1.863923
1.899405
1.929776
1.954865
1.974527
1.988652
1.997159
2.000000
1.997159
1.988652
1.974527
1.954865
1.929776
1.899405
1.863923
1.823533
1.778462
1.728969
1.675333
1.617860
1.556876
1.492727
1.425779
1.356412
1.285019
1.212007
1.137790
1.062791
0.987434
0.912149
0.837363
0.763501
0.690983
0.620221
0.551617
0.485560
0.422427
0.362576
0.306347
0.254059
0.206010
0.162472
0.123693
0.089894
0.061266
0.037972
0.020145
0.007885
0.001263
0.000316
0.005049
0.015436
0.031417
0.052902
0.079768
0.111864
0.149006
0.190983
0.237557
0.288464
0.343414
0.402095
0.464173
0.529296
0.597094
0.667180
0.739158
0.812619
0.887144
0.962310
1.037690
1.112856
1.187381
1.260842
1.332820
1.402906
1.470704
1.535827
1.597905
1.656586
1.711536
1.762443
1.809017
1.850994
1.888136
1.920232
1.947098
1.968583
1.984564
1.994951
1.999684
1.998737
1.992115
1.979855
1.962028
1.938734
1.910106
1.876307
1.837528
1.793990
1.745941
1.693653
1.637424
1.577573
1.514440
1.448383
1.379779
1.309017
1.236499
1.162637
1.087851
1.012566
0.937209
0.862210
0.787993
0.714981
0.643588
0.574221
0.507273
0.443124
0.382140
0.324667
0.271031
0.221538
0.176467
0.136077
0.100595
0.070224
0.045135
0.025473
0.011348
0.002841
0.000000
0.002841
0.011348
0.025473
0.045135
0.070224
0.100595
0.136077
0.176467
0.221538
0.271031
0.324667
0.382140
0.443124
0.507273
0.574221
0.643588
0.714981
0.787993
0.862210
0.937209
1.012566
1.087851
1.162637
1.236499
1.309017
1.379779
1.448383
1.514440
1.577573
1.637424
1.693653
1.745941
1.793990
1.837528
1.876307
1.910106
1.938734
1.962028
1.979855
1.992115
1.998737
1.999684
1.994951
1.984564
1.968583
1.947098
1.920232
1.888136
1.850994
1.809017
1.762443
1.711536
1.656586
1.597905
1.535827
1.470704
1.402906
1.332820
1.260842
1.187381
1.112856
1.037690
0.962310
0.887144
0.812619
0.739158
0.667180
0.597094
0.529296
0.464173
0.402095
0.343414
0.288464
0.237557
0.190983
0.149006
0.111864
0.079768
0.052902
0.031417
0.015436
0.005049
0.000316
0.001263
0.007885
0.020145
0.037972
0.061266
0.089894
0.123693
0.162472
0.206010
0.254059
0.306347
0.362576
0.422427
0.485560
0.551617
0.620221
0.690983
0.763501
0.837363
0.912149
0.987434
1.062791
1.137790
1.212007
1.285019
1.356412
1.425779
1.492727
1.556876
1.617860
1.675333
1.728969
1.778462
1.823533
1.863923
1.899405
1.929776
1.954865
1.974527
1.988652
1.997159
2.000000
1.997159
1.988652
1.974527
1.954865
1.929776
1.899405
1.863923
1.823533
1.778462
1.728969
1.675333
1.617860
1.556876
1.492727
1.425779
1.356412
1.285019
1.212007
1.137790
1.062791
0.987434
0.912149
0.837363
0.763501
0.690983
0.620221
0.551617
0.485560
0.422427
0.362576
0.306347
0.254059
0.206010
0.162472
0.123693
0.089894
0.061266
0.037972
0.020145
0.007885
0.001263
0.000316
0.005049
0.015436
0.031417
0.052902
0.079768
0.111864
0.149006
0.190983
0.237557
0.288464
0.343414
0.402095
0.464173
0.529296
0.597094
0.667180
0.739158
0.812619
0.887144
0.962310
1.037690
1.112856
1.187381
1.260842
1.332820
1.402906
1.470704
1.535827
1.597905
1.656586
1.711536
1.762443
1.809017
1.850994
1.888136
1.920232
1.947098
1.968583
1.984564
1.994951
1.999684
1.998737
1.992115
1.979855
1.962028
1.938734
1.910106
1.876307
1.837528
1.793990
1.745941
1.693653
1.637424
1.577573
1.514440
1.448383
1.379779
1.309017
1.236499
1.162637
1.087851
1.012566
0.937209
0.862210
0.787993
0.714981
0.643588
0.574221
0.507273
0.443124
0.382140
0.324667
0.271031
0.221538
0.176467
0.136077
0.100595
0.070224
0.045135
0.025473
0.011348
0.002841
0.000000
0.002841
0.011348
0.025473
0.045135
0.070224
0.100595
0.136077
0.176467
0.221538
0.271031
0.324667
0.382140
0.443124
0.507273
0.574221
0.643588
0.714981
0.787993
0.862210
0.937209
1.012566
1.087851
1.162637
1.236499
1.309017
1.379779
1.448383
1.514440
1.577573
1.637424
1.693653
1.745941
1.793990
1.837528
1.876307
1.910106
1.938734
1.962028
1.979855
1.992115
1.998737
1.999684
1.994951
1.984564
1.968583
1.947098
1.920232
1.888136
1.850994
1.809017
1.762443
1.711536
1.656586
1.597905
1.535827
1.470704
1.402906
1.332820
1.260842
1.187381
1.112856
1.037690
0.962310
0.887144
0.812619
0.739158
0.667180
0.597094
0.529296
0.464173
0.402095
0.343414
0.288464
0.237557
0.190983
0.149006
0.111864
0.079768
0.052902
0.031417
0.015436
0.005049
0.000316
0.001263
0.007885
0.020145
0.037972
0.061266
0.089894
0.123693
0.162472
0.206010
0.254059
0.306347
0.362576
0.422427
0.485560
0.551617
0.620221
0.690983
0.763501
0.837363
0.912149
0.987434
1.062791
1.137790
1.212007
1.285019
1.356412
1.425779
1.492727
1.556876
1.617860
1.675333
1.728969
1.778462
1.823533
1.863923
1.899405
1.929776
1.954865
1.974527
1.988652
1.997159
2.000000
1.997159
1.988652
1.974527
1.954865
1.929776
1.899405
1.863923
1.823533
1.778462
1.728969
1.675333
1.617860
1.556876
1.492727
1.425779
1.356412
1.285019
1.212007
1.137790
1.062791
0.987434
0.912149
0.837363
0.763501
0.690983
0.620221
0.551617
0.485560
0.422427
0.362576
0.306347
0.254059
0.206010
0.162472
0.123693
0.089894
0.061266
0.037972
0.020145
0.007885
0.001263
0.000316
0.005049
0.015436
0.031417
0.052902
0.079768
0.111864
0.149006
0.190983
0.237557
0.288464
0.343414
0.402095
0.464173
0.529296
0.597094
0.667180
0.739158
0.812619
0.887144
0.962310
1.037690
1.112856
1.187381
1.260842
1.332820
1.402906
1.470704
1.535827
1.597905
1.656586
1.711536
1.762443
1.809017
1.850994
1.888136
1.920232
1.947098
1.968583
1.984564
1.994951
1.999684
1.998737
1.992115
1.979855
1.962028
1.938734
1.910106
1.876307
1.837528
1.793990
1.745941
1.693653
1.637424
1.577573
1.514440
1.448383
1.379779
1.309017
1.236499
1.162637
1.087851
1.012566
0.937209
0.862210
0.787993
0.714981
0.643588
0.574221
0.507273
0.443124
0.382140
0.324667
0.271031
0.221538
0.176467
0.136077
0.100595
0.070224
0.045135
0.025473
0.011348
0.002841
0.000000
0.002841
0.011348
0.025473
0.045135
0.070224
0.100595
0.136077
0.176467
0.221538
0.271031
0.324667
0.382140
0.443124
0.507273
0.574221
0.643588
0.714981
0.787993
0.862210
0.937209
1.012566
1.087851
1.162637
1.236499
1.309017
1.379779
1.448383
1.514440
1.577573
1.637424
1.693653
1.745941
1.793990
1.837528
1.876307
1.910106
1.938734
1.962028
1.979855
1.992115
1.998737
1.999684
1.994951
1.984564
1.968583
1.947098
1.920232
1.888136
1.850994
1.809017
1.762443
1.711536
1.656586
1.597905
1.535827
1.470704
1.402906
1.332820
1.260842
1.187381
1.112856
1.037690
0.962310
0.887144
0.812619
0.739158
0.667180
0.597094
0.529296
0.464173
0.402095
0.343414
0.288464
0.237557
0.190983
0.149006
0.111864
0.079768
0.052902
0.031417
0.015436
0.005049
0.000316
0.001263
0.007885
0.020145
0.037972
0.061266
0.089894
0.123693
0.162472
0.206010
0.254059
0.306347
0.362576
0.422427
0.485560
0.551617
0.620221
0.690983
0.763501
0.837363
0.912149
0.987434
1.062791
1.137790
1.212007
1.285019
1.356412
1.425779
1.492727
1.556876
1.617860
1.675333
1.728969
1.778462
1.823533
1.863923
1.899405
1.929776
1.954865
1.974527
1.988652
1.997159
2.000000
1.997159
1.988652
1.974527
1.954865
1.929776
1.899405
1.863923
1.823533
1.778462
1.728969
1.675333
1.617860
1.556876
1.492727
1.425779
1.356412
1.285019
1.212007
1.137790
1.062791
0.987434
0.912149
0.837363
0.763501
0.690983
0.620221
0.551617
0.485560
0.422427
0.362576
0.306347
0.254059
0.206010
0.162472
0.123693
0.089894
0.061266
0.037972
0.020145
0.007885
0.001263
0.000316
0.005049
0.015436
0.031417
0.052902
0.079768
0.111864
0.149006
0.190983
0.237557
0.288464
0.343414
0.402095
0.464173
0.529296
0.597094
0.667180
0.739158
0.812619
0.887144
0.962310
1.037690
1.112856
1.187381
1.260842
1.332820
1.402906
1.470704
1.535827
1.597905
1.656586
1.711536
1.762443
1.809017
1.850994
1.888136
1.920232
1.947098
1.968583
1.984564
1.994951
1.999684
1.998737
1.992115
1.979855
1.962028
1.938734
1.910106
1.876307
1.837528
1.793990
1.745941
1.693653
1.637424
1.577573
1.514440
1.448383
1.379779
1.309017
1.236499
1.162637
1.087851
1.012566
0.937209
0.862210
0.787993
0.714981
0.643588
0.574221
0.507273
0.443124
0.382140
0.324667
0.271031
0.221538
0.176467
0.136077
0.100595
0.070224
0.045135
0.025473
0.011348
0.002841
0.000000
0.002841
0.011348
0.025473
0.045135
0.070224
0.100595
0.136077
0.176467
0.221538
0.271031
0.324667
0.382140
0.443124
0.507273
0.574221
0.643588
0.714981
0.787993
0.862210
0.937209
1.012566
1.087851
1.162637
1.236499
1.309017
1.379779
1.448383
1.514440
1.577573
1.637424
1.693653
1.745941
1.793990
1.837528
1.876307
1.910106
1.938734
1.962028
1.979855
1.992115
1.998737
1.999684
1.994951
1.984564
1.968583
1.947098
1.920232
1.888136
1.850994
1.809017
1.762443
1.711536
1.656586
1.597905
1.535827
1.470704
1.402906
1.332820
1.260842
1.187381
1.112856
1.037690
0.962310
0.887144
0.812619
0.739158
0.667180
0.597094
0.529296
0.464173
0.402095
0.343414
0.288464
0.237557
0.190983
0.149006
0.111864
0.079768
0.052902
0.031417
0.015436
0.005049
0.000316
0.001263
0.007885
0.020145
0.037972
0.061266
0.089894
0.123693
0.162472
0.206010
0.254059
0.306347
0.362576
0.422427
0.485560
0.551617
0.620221
0.690983
0.763501
0.837363
0.912149
0.987434
1.062791
1.137790
1.212007
1.285019
1.356412
1.425779
1.492727
1.556876
1.617860
1.675333
1.728969
1.778462
1.823533
1.863923
1.899405
1.929776
1.954865
1.974527
1.988652
1.997159
2.000000
1.997159
1.988652
1.974527
1.954865
1.929776
1.899405
1.863923
1.823533
1.778462
1.728969
1.675333
1.617860
1.556876
1.492727
1.425779
1.356412
1.285019
1.212007
1.137790
1.062791
0.987434
0.912149
0.837363
0.763501
0.690983
0.620221
0.551617
0.485560
0.422427
0.362576
0.306347
0.254059
0.206010
0.162472
0.123693
0.089894
0.061266
0.037972
0.020145
0.007885
0.001263
0.000316
0.005049
0.015436
0.031417
0.052902
0.079768
0.111864
0.149006
0.190983
0.237557
0.288464
0.343414
0.402095
0.464173
0.529296
0.597094
0.667180
0.739158
0.812619
0.887144
0.962310
1.037690
1.112856
1.187381
1.260842
1.332820
1.402906
1.470704
1.535827
1.597905
1.656586
1.711536
1.762443
1.809017
1.850994
1.888136
1.920232
1.947098
1.968583
1.984564
1.994951
1.999684
1.998737
1.992115
1.979855
1.962028
1.938734
1.910106
1.876307
1.837528
1.793990
1.745941
1.693653
1.637424
1.577573
1.514440
1.448383
1.379779
1.309017
1.236499
1.162637
1.087851
1.012566
0.937209
0.862210
0.787993
0.714981
0.643588
0.574221
0.507273
0.443124
0.382140
0.324667
0.271031
0.221538
0.176467
0.136077
0.100595
0.070224
0.045135
0.025473
0.011348
0.002841
0.000000
0.002841
0.011348
0.025473
0.045135
0.070224
0.100595
0.136077
0.176467
0.221538
0.271031
0.324667
0.382140
0.443124
0.507273
0.574221
0.643588
0.714981
0.787993
0.862210
0.937209
1.012566
1.087851
1.162637
1.236499
1.309017
1.379779
1.448383
1.514440
1.577573
1.637424
1.693653
1.745941
1.793990
1.837528
1.876307
1.910106
1.938734
1.962028
1.979855
1.992115
1.998737
1.999684
1.994951
1.984564
1.968583
1.947098
1.920232
1.888136
1.850994
1.809017
1.762443
1.711536
1.656586
1.597905
1.535827
1.470704
1.402906
1.332820
1.260842
1.187381
1.112856
1.037690
0.962310
0.887144
0.812619
0.739158
0.667180
0.597094
0.529296
0.464173
0.402095
0.343414
0.288464
0.237557
0.190983
0.149006
0.111864
0.079768
0.052902
0.031417
0.015436
0.005049
0.000316
0.001263
0.007885
0.020145
0.037972
0.061266
0.089894
0.123693
0.162472
0.206010
0.254059
0.306347
0.362576
0.422427
0.485560
0.551617
0.620221
0.690983
0.763501
0.837363
0.912149
0.987434
1.062791
1.137790
1.212007
1.285019
1.356412
1.425779
1.492727
1.556876
1.617860
1.675333
1.728969
1.778462
1.823533
1.863923
1.899405
1.929776
1.954865
1.974527
1.988652
1.997159
2.000000
1.997159
1.988652
1.974527
1.954865
1.929776
1.899405
1.863923
1.823533
1.778462
1.728969
1.675333
1.617860
1.556876
1.492727
1.425779
1.356412
1.285019
1.212007
1.137790
1.062791
0.987434
0.912149
0.837363
0.763501
0.690983
0.620221
0.551617
0.485560
0.422427
0.362576
0.306347
0.254059
0.206010
0.162472
0.123693
0.089894
0.061266
0.037972
0.020145
0.007885
0.001263
0.000316
0.005049
0.015436
0.031417
0.052902
0.079768
0.111864
0.149006
0.190983
0.237557
0.288464
0.343414
0.402095
0.464173
0.529296
0.597094
0.667180
0.739158
0.812619
0.887144
0.962310
1.037690
1.112856
1.187381
1.260842
1.332820
1.402906
1.470704
1.535827
1.597905
1.656586
1.711536
1.762443
1.809017
1.850994
1.888136
1.920232
1.947098
1.968583
1.984564
1.994951
1.999684
1.998737
1.992115
1.979855
1.962028
1.938734
1.910106
1.876307
1.837528
1.793990
1.745941
1.693653
1.637424
1.577573
1.514440
1.448383
1.379779
1.309017
1.236499
1.162637
1.087851
1.012566
0.937209
0.862210
0.787993
0.714981
0.643588
0.574221
0.507273
0.443124
0.382140
0.324667
0.271031
0.221538
0.176467
0.136077
0.100595
0.070224
0.045135
0.025473
0.011348
0.002841
0.000000
0.002841
0.011348
0.025473
0.045135
0.070224
0.100595
0.136077
0.176467
0.221538
0.271031
0.324667
0.382140
0.443124
0.507273
0.574221
0.643588
0.714981
0.787993
0.862210
0.937209
1.012566
1.087851
1.162637
1.236499
1.309017
1.379779
1.448383
1.514440
1.577573
1.637424
1.693653
1.745941
1.793990
1.837528
1.876307
1.910106
1.938734
1.962028
1.979855
1.992115
1.998737
1.999684
1.994951
1.984564
1.968583
1.947098
1.920232
1.888136
1.850994
1.809017
1.762443
1.711536
1.656586
1.597905
1.535827
1.470704
1.402906
1.332820
1.260842
1.187381
1.112856
1.037690
0.962310
0.887144
0.812619
0.739158
0.667180
0.597094
0.529296
0.464173
0.402095
0.343414
0.288464
0.237557
0.190983
0.149006
0.111864
0.079768
0.052902
0.031417
0.015436
0.005049
0.000316
0.001263
0.007885
0.020145
0.037972
0.061266
0.089894
0.123693
0.162472
0.206010
0.254059
0.306347
0.362576
0.422427
0.485560
0.551617
0.620221
0.690983
0.763501
0.837363
0.912149
0.987434
1.062791
1.137790
1.212007
1.285019
1.356412
1.425779
1.492727
1.556876
1.617860
1.675333
1.728969
1.778462
1.823533
1.863923
1.899405
1.929776
1.954865
1.974527
1.988652
1.997159
2.000000
1.997159
1.988652
1.974527
1.954865
1.929776
1.899405
1.863923
1.823533
1.778462
1.728969
1.675333
1.617860
1.556876
1.492727
1.425779
1.356412
1.285019
1.212007
1.137790
1.062791
0.987434
0.912149
0.837363
0.763501
0.690983
0.620221
0.551617
0.485560
0.422427
0.362576
0.306347
0.254059
0.206010
0.162472
0.123693
0.089894
0.061266
0.037972
0.020145
0.007885
0.001263
0.000316
0.005049
0.015436
0.031417
0.052902
0.079768
0.111864
0.149006
0.190983
0.237557
0.288464
0.343414
0.402095
0.464173
0.529296
0.597094
0.667180
0.739158
0.812619
0.887144
0.962310
1.037690
1.112856
1.187381
1.260842
1.332820
1.402906
1.470704
1.535827
1.597905
1.656586
1.711536
1.762443
1.809017
1.850994
1.888136
1.920232
1.947098
1.968583
1.984564
1.994951
1.999684
1.998737
1.992115
1.979855
1.962028
1.938734
1.910106
1.876307
1.837528
1.793990
1.745941
1.693653
1.637424
1.577573
1.514440
1.448383
1.379779
1.309017
1.236499
1.162637
1.087851
1.012566
0.937209
0.862210
0.787993
0.714981
0.643588
0.574221
0.507273
0.443124
0.382140
0.324667
0.271031
0.221538
0.176467
0.136077
0.100595
0.070224
0.045135
0.025473
0.011348
0.002841
0.000000
0.002841
0.011348
0.025473
0.045135
0.070224
0.100595
0.136077
0.176467
0.221538
0.271031
0.324667
0.382140
0.443124
0.507273
0.574221
0.643588
0.714981
0.787993
0.862210
0.937209
1.012566
1.087851
1.162637
1.236499
1.309017
1.379779
1.448383
1.514440
1.577573
1.637424
1.693653
1.745941
1.793990
1.837528
1.876307
1.910106
1.938734
1.962028
1.979855
1.992115
1.998737
1.999684
1.994951
1.984564
1.968583
1.947098
1.920232
1.888136
1.850994
1.809017
1.762443
1.711536
1.656586
1.597905
1.535827
1.470704
1.402906
1.332820
1.260842
1.187381
1.112856
1.037690
0.962310
0.887144
0.812619
0.739158
0.667180
0.597094
0.529296
0.464173
0.402095
0.343414
0.288464
0.237557
0.190983
0.149006
0.111864
0.079768
0.052902
0.031417
0.015436
0.005049
0.000316
0.001263
0.007885
0.020145
0.037972
0.061266
0.089894
0.123693
0.162472
0.206010
0.254059
0.306347
0.362576
0.422427
0.485560
0.551617
0.620221
0.690983
0.763501
0.837363
0.912149
0.987434
1.062791
1.137790
1.212007
1.285019
1.356412
1.425779
1.492727
1.556876
1.617860
1.675333
1.728969
1.778462
1.823533
1.863923
1.899405
1.929776
1.954865
1.974527
1.988652
1.997159
2.000000
1.997159
1.988652
1.974527
1.954865
1.929776
1.899405
1.863923
1.823533
1.778462
1.728969
1.675333
1.617860
1.556876
1.492727
1.425779
1.356412
1.285019
1.212007
1.137790
1.062791
0.987434
0.912149
0.837363
0.763501
0.690983
0.620221
0.551617
0.485560
0.422427
0.362576
0.306347
0.254059
0.206010
0.162472
0.123693
0.089894
0.061266
0.037972
0.020145
0.007885
0.001263
0.000316
0.005049
0.015436
0.031417
0.052902
0.079768
0.111864
0.149006
0.190983
0.237557
0.288464
0.343414
0.402095
0.464173
0.529296
0.597094
0.667180
0.739158
0.812619
0.887144
0.962310
1.037690
1.112856
1.187381
1.260842
1.332820
1.402906
1.470704
1.535827
1.597905
1.656586
1.711536
1.762443
1.809017
1.850994
1.888136
1.920232
1.947098
1.968583
1.984564
1.994951
1.999684
1.998737
1.992115
1.979855
1.962028
1.938734
1.910106
1.876307
1.837528
1.793990
1.745941
1.693653
1.637424
1.577573
1.514440
1.448383
1.379779
1.309017
1.236499
1.162637
1.087851
1.012566
0.937209
0.862210
0.787993
0.714981
0.643588
0.574221
0.507273
0.443124
0.382140
0.324667
0.271031
0.221538
0.176467
0.136077
0.100595
0.070224
0.045135
0.025473
0.011348
0.002841
0.000000
0.002841
0.011348
0.025473
0.045135
0.070224
0.100595
0.136077
0.176467
0.221538
0.271031
0.324667
0.382140
0.443124
0.507273
0.574221
0.643588
0.714981
0.787993
0.862210
0.937209
1.012566
1.087851
1.162637
1.236499
1.309017
1.379779
1.448383
1.514440
1.577573
1.637424
1.693653
1.745941
1.793990
1.837528
1.876307
1.910106
1.938734
1.962028
1.979855
1.992115
1.998737
1.999684
1.994951
1.984564
1.968583
1.947098
1.920232
1.888136
1.850994
1.809017
1.762443
1.711536
1.656586
1.597905
1.535827
1.470704
1.402906
1.332820
1.260842
1.187381
1.112856
1.037690
0.962310
0.887144
0.812619
0.739158
0.667180
0.597094
0.529296
0.464173
0.402095
0.343414
0.288464
0.237557
0.190983
0.149006
0.111864
0.079768
0.052902
0.031417
0.015436
0.005049
0.000316
0.001263
0.007885
0.020145
0.037972
0.061266
0.089894
0.123693
0.162472
0.206010
0.254059
0.306347
0.362576
0.422427
0.485560
0.551617
0.620221
0.690983
0.763501
0.837363
0.912149
0.987434
1.062791
1.137790
1.212007
1.285019
1.356412
1.425779
1.492727
1.556876
1.617860
1.675333
1.728969
1.778462
1.823533
1.863923
1.899405
1.929776
1.954865
1.974527
1.988652
1.997159
2.000000
1.997159
1.988652
1.974527
1.954865
1.929776
1.899405
1.863923
1.823533
1.778462
1.728969
1.675333
1.617860
1.556876
1.492727
1.425779
1.356412
1.285019
1.212007
1.137790
1.062791
0.987434
0.912149
0.837363
0.763501
0.690983
0.620221
0.551617
0.485560
0.422427
0.362576
0.306347
0.254059
0.206010
0.162472
0.123693
0.089894
0.061266
0.037972
0.020145
0.007885
0.001263
0.000316
0.005049
0.015436
0.031417
0.052902
0.079768
0.111864
0.149006
0.190983
0.237557
0.288464
0.343414
0.402095
0.464173
0.529296
0.597094
0.667180
0.739158
0.812619
0.887144
0.962310
1.037690
1.112856
1.187381
1.260842
1.332820
1.402906
1.470704
1.535827
1.597905
1.656586
1.711536
1.762443
1.809017
1.850994
1.888136
1.920232
1.947098
1.968583
1.984564
1.994951
1.999684
1.998737
1.992115
1.979855
1.962028
1.938734
1.910106
1.876307
1.837528
1.793990
1.745941
1.693653
1.637424
1.577573
1.514440
1.448383
1.379779
1.309017
1.236499
1.162637
1.087851
1.012566
0.937209
0.862210
0.787993
0.714981
0.643588
0.574221
0.507273
0.443124
0.382140
0.324667
0.271031
0.221538
0.176467
0.136077
0.100595
0.070224
0.045135
0.025473
0.011348
0.002841
0.000000
0.002841
0.011348
0.025473
0.045135
0.070224
0.100595
0.136077
0.176467
0.221538
0.271031
0.324667
0.382140
0.443124
0.507273
0.574221
0.643588
0.714981
0.787993
0.862210
0.937209
1.012566
1.087851
1.162637
1.236499
1.309017
1.379779
1.448383
1.514440
1.577573
1.637424
1.693653
1.745941
1.793990
1.837528
1.876307
1.910106
1.938734
1.962028
1.979855
1.992115
1.998737
1.999684
1.994951
1.984564
1.968583
1.947098
1.920232
1.888136
1.850994
1.809017
1.762443
1.711536
1.656586
1.597905
1.535827
1.470704
1.402906
1.332820
1.260842
1.187381
1.112856
1.037690
0.962310
0.887144
0.812619
0.739158
0.667180
0.597094
0.529296
0.464173
0.402095
0.343414
0.288464
0.237557
0.190983
0.149006
0.111864
0.079768
0.052902
0.031417
0.015436
0.005049
0.000316
0.001263
0.007885
0.020145
0.037972
0.061266
0.089894
0.123693
0.162472
0.206010
0.254059
0.306347
0.362576
0.422427
0.485560
0.551617
0.620221
0.690983
0.763501
0.837363
0.912149
0.987434
1.062791
1.137790
1.212007
1.285019
1.356412
1.425779
1.492727
1.556876
1.617860
1.675333
1.728969
1.778462
1.823533
1.863923
1.899405
1.929776
1.954865
1.974527
1.988652
1.997159
2.000000
1.997159
1.988652
1.974527
1.954865
1.929776
1.899405
1.863923
1.823533
1.778462
1.728969
1.675333
1.617860
1.556876
1.492727
1.425779
1.356412
1.285019
1.212007
1.137790
1.062791
0.987434
0.912149
0.837363
0.763501
0.690983
0.620221
0.551617
0.485560
0.422427
0.362576
0.306347
0.254059
0.206010
0.162472
0.123693
0.089894
0.061266
0.037972
0.020145
0.007885
0.001263
0.000316
0.005049
0.015436
0.031417
0.052902
0.079768
0.111864
0.149006
0.190983
0.237557
0.288464
0.343414
0.402095
0.464173
0.529296
0.597094
0.667180
0.739158
0.812619
0.887144
0.962310
1.037690
1.112856
1.187381
1.260842
1.332820
1.402906
1.470704
1.535827
1.597905
1.656586
1.711536
1.762443
1.809017
1.850994
1.888136
1.920232
1.947098
1.968583
1.984564
1.994951
1.999684
1.998737
1.992115
1.979855
1.962028
1.938734
1.910106
1.876307
1.837528
1.793990
1.745941
1.693653
1.637424
1.577573
1.514440
1.448383
1.379779
1.309017
1.236499
1.162637
1.087851
1.012566
0.937209
0.862210
0.787993
0.714981
0.643588
0.574221
0.507273
0.443124
0.382140
0.324667
0.271031
0.221538
0.176467
0.136077
0.100595
0.070224
0.045135
0.025473
0.011348
0.002841
0.000000
0.002841
0.011348
0.025473
0.045135
0.070224
0.100595
0.136077
0.176467
0.221538
0.271031
0.324667
0.382140
0.443124
0.507273
0.574221
0.643588
0.714981
0.787993
0.862210
0.937209
1.012566
1.087851
1.162637
1.236499
1.309017
1.379779
1.448383
1.514440
1.577573
1.637424
1.693653
1.745941
1.793990
1.837528
1.876307
1.910106
1.938734
1.962028
1.979855
1.992115
1.998737
1.999684
1.994951
1.984564
1.968583
1.947098
1.920232
1.888136
1.850994
1.809017
1.762443
1.711536
1.656586
1.597905
1.535827
1.470704
1.402906
1.332820
1.260842
1.187381
1.112856
1.037690
0.962310
0.887144
0.812619
0.739158
0.667180
0.597094
0.529296
0.464173
0.402095
0.343414
0.288464
0.237557
0.190983
0.149006
0.111864
0.079768
0.052902
0.031417
0.015436
0.005049
0.000316
0.001263
0.007885
0.020145
0.037972
0.061266
0.089894
0.123693
0.162472
0.206010
0.254059
0.306347
0.362576
0.422427
0.485560
0.551617
0.620221
0.690983
0.763501
0.837363
0.912149
0.987434
1.062791
1.137790
1.212007
1.285019
1.356412
1.425779
1.492727
1.556876
1.617860
1.675333
1.728969
1.778462
1.823533
1.863923
1.899405
1.929776
1.954865
1.974527
1.988652
1.997159
2.000000
1.997159
1.988652
1.974527
1.954865
1.929776
1.899405
1.863923
1.823533
1.778462
1.728969
1.675333
1.617860
1.556876
1.492727
1.425779
1.356412
1.285019
1.212007
1.137790
1.062791
0.987434
0.912149
0.837363
0.763501
0.690983
0.620221
0.551617
0.485560
0.422427
0.362576
0.306347
0.254059
0.206010
0.162472
0.123693
0.089894
0.061266
0.037972
0.020145
0.007885
0.001263
0.000316
0.005049
0.015436
0.031417
0.052902
0.079768
0.111864
0.149006
0.190983
0.237557
0.288464
0.343414
0.402095
0.464173
0.529296
0.597094
0.667180
0.739158
0.812619
0.887144
0.962310
1.037690
1.112856
1.187381
1.260842
1.332820
1.402906
1.470704
1.535827
1.597905
1.656586
1.711536
1.762443
1.809017
1.850994
1.888136
1.920232
1.947098
1.968583
1.984564
1.994951
1.999684
1.998737
1.992115
1.979855
1.962028
1.938734
1.910106
1.876307
1.837528
1.793990
1.745941
1.693653
1.637424
1.577573
1.514440
1.448383
1.379779
1.309017
1.236499
1.162637
1.087851
1.012566
0.937209
0.862210
0.787993
0.714981
0.643588
0.574221
0.507273
0.443124
0.382140
0.324667
0.271031
0.221538
0.176467
0.136077
0.100595
0.070224
0.045135
0.025473
0.011348
0.002841
0.000000
0.002841
0.011348
0.025473
0.045135
0.070224
0.100595
0.136077
0.176467
0.221538
0.271031
0.324667
0.382140
0.443124
0.507273
0.574221
0.643588
0.714981
0.787993
0.862210
0.937209
1.012566
1.087851
1.162637
1.236499
1.309017
1.379779
1.448383
1.514440
1.577573
1.637424
1.693653
1.745941
1.793990
1.837528
1.876307
1.910106
1.938734
1.962028
1.979855
1.992115
1.998737
1.999684
1.994951
1.984564
1.968583
1.947098
1.920232
1.888136
1.850994
1.809017
1.762443
1.711536
1.656586
1.597905
1.535827
1.470704
1.402906
1.332820
1.260842
1.187381
1.112856
1.037690
0.962310
0.887144
0.812619
0.739158
0.667180
0.597094
0.529296
0.464173
0.402095
0.343414
0.288464
0.237557
0.190983
0.149006
0.111864
0.079768
0.052902
0.031417
0.015436
0.005049
0.000316
0.001263
0.007885
0.020145
0.037972
0.061266
0.089894
0.123693
0.162472
0.206010
0.254059
0.306347
0.362576
0.422427
0.485560
0.551617
0.620221
0.690983
0.763501
0.837363
0.912149
0.987434
1.062791
1.137790
1.212007
1.285019
1.356412
1.425779
1.492727
1.556876
1.617860
1.675333
1.728969
1.778462
1.823533
1.863923
1.899405
1.929776
1.954865
1.974527
1.988652
1.997159
2.000000
1.997159
1.988652
1.974527
1.954865
1.929776
1.899405
1.863923
1.823533
1.778462
1.728969
1.675333
1.617860
1.556876
1.492727
1.425779
1.356412
1.285019
1.212007
1.137790
1.062791
0.987434
0.912149
0.837363
0.763501
0.690983
0.620221
0.551617
0.485560
0.422427
0.362576
0.306347
0.254059
0.206010
0.162472
0.123693
0.089894
0.061266
0.037972
0.020145
0.007885
0.001263
0.000316
0.005049
0.015436
0.031417
0.052902
0.079768
0.111864
0.149006
0.190983
0.237557
0.288464
0.343414
0.402095
0.464173
0.529296
0.597094
0.667180
0.739158
0.812619
0.887144
0.962310
1.037690
1.112856
1.187381
1.260842
1.332820
1.402906
1.470704
1.535827
1.597905
1.656586
1.711536
1.762443
1.809017
1.850994
1.888136
1.920232
1.947098
1.968583
1.984564
1.994951
1.999684
1.998737
1.992115
1.979855
1.962028
1.938734
1.910106
1.876307
1.837528
1.793990
1.745941
1.693653
1.637424
1.577573
1.514440
1.448383
1.379779
1.309017
1.236499
1.162637
1.087851
1.012566
0.937209
0.862210
0.787993
0.714981
0.643588
0.574221
0.507273
0.443124
0.382140
0.324667
0.271031
0.221538
0.176467
0.136077
0.100595
0.070224
0.045135
0.025473
0.011348
0.002841
0.000000
