5001
0.000000
0.001421
0.005682
0.012777
0.022697
0.035425
0.050946
0.069237
0.090271
0.114019
0.140447
0.169518
0.201189
0.235418
0.272153
0.311344
0.352935
0.396866
0.443075
0.491497
0.542063
0.594700
0.649334
0.705888
0.764281
0.824429
0.886249
0.949651
1.014545
1.080840
1.148441
1.217253
1.287176
1.358113
1.429961
1.502620
1.575986
1.649954
1.724419
1.799277
1.874419
1.949740
2.025132
2.100489
2.175702
2.250666
2.325274
2.399420
2.472998
2.545904
2.618034
2.689286
2.759558
2.828751
2.896766
2.963507
3.028879
3.092789
3.155145
3.215861
3.274848
3.332024
3.387307
3.440618
3.491882
3.541026
3.587981
3.632679
3.675056
3.715053
3.752613
3.787683
3.820212
3.850154
3.877468
3.902113
3.924055
3.943263
3.959710
3.973372
3.984229
3.992267
3.997474
3.999842
3.999368
3.996053
3.989902
3.980923
3.969129
3.954536
3.937166
3.917044
3.894197
3.868658
3.840464
3.809654
3.776273
3.740368
3.701989
3.661192
3.618034
3.572577
3.524885
3.475026
3.423071
3.369094
3.313172
3.255383
3.195810
3.134538
3.071654
3.007246
2.941408
2.874232
2.805813
2.736249
2.665639
2.594083
2.521683
2.448542
2.374763
2.300451
2.225713
2.150654
2.075380
2.000000
1.924620
1.849346
1.774287
1.699549
1.625237
1.551458
1.478317
1.405917
1.334361
1.263751
1.194187
1.125768
1.058592
0.992754
0.928346
0.865462
0.804190
0.744617
0.686828
0.630906
0.576929
0.524974
0.475115
0.427423
0.381966
0.338808
0.298011
0.259632
0.223727
0.190346
0.159536
0.131342
0.105803
0.082956
0.062834
0.045464
0.030871
0.019077
0.010098
0.003947
0.000632
0.000158
0.002526
0.007733
0.015771
0.026628
0.040290
0.056737
0.075945
0.097887
0.122532
0.149846
0.179788
0.212317
0.247387
0.284947
0.324944
0.367321
0.412019
0.458974
0.508118
0.559382
0.612693
0.667976
0.725152
0.784139
0.844855
0.907211
0.971121
1.036493
1.103234
1.171249
1.240442
1.310714
1.381966
1.454096
1.527002
1.600580
1.674726
1.749334
1.824298
1.899511
1.974868
2.050260
2.125581
2.200723
2.275581
2.350046
2.424014
2.497380
2.570039
2.641887
2.712824
2.782747
2.851559
2.919160
2.985455
3.050349
3.113751
3.175571
3.235719
3.294112
3.350666
3.405300
3.457937
3.508503
3.556925
3.603134
3.647065
3.688656
3.727847
3.764582
3.798811
3.830482
3.859553
3.885981
3.909729
3.930763
3.949054
3.964575
3.977303
3.987223
3.994318
3.998579
4.000000
3.998579
3.994318
3.987223
3.977303
3.964575
3.949054
3.930763
3.909729
3.885981
3.859553
3.830482
3.798811
3.764582
3.727847
3.688656
3.647065
3.603134
3.556925
3.508503
3.457937
3.405300
3.350666
3.294112
3.235719
3.175571
3.113751
3.050349
2.985455
2.919160
2.851559
2.782747
2.712824
2.641887
2.570039
2.497380
2.424014
2.350046
2.275581
2.200723
2.125581
2.050260
1.974868
1.899511
1.824298
1.749334
1.674726
1.600580
1.527002
1.454096
1.381966
1.310714
1.240442
1.171249
1.103234
1.036493
0.971121
0.907211
0.844855
0.784139
0.725152
0.667976
0.612693
0.559382
0.508118
0.458974
0.412019
0.367321
0.324944
0.284947
0.247387
0.212317
0.179788
0.149846
0.122532
0.097887
0.075945
0.056737
0.040290
0.026628
0.015771
0.007733
0.002526
0.000158
0.000632
0.003947
0.010098
0.019077
0.030871
0.045464
0.062834
0.082956
0.105803
0.131342
0.159536
0.190346
0.223727
0.259632
0.298011
0.338808
0.381966
0.427423
0.475115
0.524974
0.576929
0.630906
0.686828
0.744617
0.804190
0.865462
0.928346
0.992754
1.058592
1.125768
1.194187
1.263751
1.334361
1.405917
1.478317
1.551458
1.625237
1.699549
1.774287
1.849346
1.924620
2.000000
2.075380
2.150654
2.225713
2.300451
2.374763
2.448542
2.521683
2.594083
2.665639
2.736249
2.805813
2.874232
2.941408
3.007246
3.071654
3.134538
3.195810
3.255383
3.313172
3.369094
3.423071
3.475026
3.524885
3.572577
3.618034
3.661192
3.701989
3.740368
3.776273
3.809654
3.840464
3.868658
3.894197
3.917044
3.937166
3.954536
3.969129
3.980923
3.989902
3.996053
3.999368
3.999842
3.997474
3.992267
3.984229
3.973372
3.959710
3.943263
3.924055
3.902113
3.877468
3.850154
3.820212
3.787683
3.752613
3.715053
3.675056
3.632679
3.587981
3.541026
3.491882
3.440618
3.387307
3.332024
3.274848
3.215861
3.155145
3.092789
3.028879
2.963507
2.896766
2.828751
2.759558
2.689286
2.618034
2.545904
2.472998
2.399420
2.325274
2.250666
2.175702
2.100489
2.025132
1.949740
1.874419
1.799277
1.724419
1.649954
1.575986
1.502620
1.429961
1.358113
1.287176
1.217253
1.148441
1.080840
1.014545
0.949651
0.886249
0.824429
0.764281
0.705888
0.649334
0.594700
0.542063
0.491497
0.443075
0.396866
0.352935
0.311344
0.272153
0.235418
0.201189
0.169518
0.140447
0.114019
0.090271
0.069237
0.050946
0.035425
0.022697
0.012777
0.005682
0.001421
0.000000
0.001421
0.005682
0.012777
0.022697
0.035425
0.050946
0.069237
0.090271
0.114019
0.140447
0.169518
0.201189
0.235418
0.272153
0.311344
0.352935
0.396866
0.443075
0.491497
0.542063
0.594700
0.649334
0.705888
0.764281
0.824429
0.886249
0.949651
1.014545
1.080840
1.148441
1.217253
1.287176
1.358113
1.429961
1.502620
1.575986
1.649954
1.724419
1.799277
1.874419
1.949740
2.025132
2.100489
2.175702
2.250666
2.325274
2.399420
2.472998
2.545904
2.618034
2.689286
2.759558
2.828751
2.896766
2.963507
3.028879
3.092789
3.155145
3.215861
3.274848
3.332024
3.387307
3.440618
3.491882
3.541026
3.587981
3.632679
3.675056
3.715053
3.752613
3.787683
3.820212
3.850154
3.877468
3.902113
3.924055
3.943263
3.959710
3.973372
3.984229
3.992267
3.997474
3.999842
3.999368
3.996053
3.989902
3.980923
3.969129
3.954536
3.937166
3.917044
3.894197
3.868658
3.840464
3.809654
3.776273
3.740368
3.701989
3.661192
3.618034
3.572577
3.524885
3.475026
3.423071
3.369094
3.313172
3.255383
3.195810
3.134538
3.071654
3.007246
2.941408
2.874232
2.805813
2.736249
2.665639
2.594083
2.521683
2.448542
2.374763
2.300451
2.225713
2.150654
2.075380
2.000000
1.924620
1.849346
1.774287
1.699549
1.625237
1.551458
1.478317
1.405917
1.334361
1.263751
1.194187
1.125768
1.058592
0.992754
0.928346
0.865462
0.804190
0.744617
0.686828
0.630906
0.576929
0.524974
0.475115
0.427423
0.381966
0.338808
0.298011
0.259632
0.223727
0.190346
0.159536
0.131342
0.105803
0.082956
0.062834
0.045464
0.030871
0.019077
0.010098
0.003947
0.000632
0.000158
0.002526
0.007733
0.015771
0.026628
0.040290
0.056737
0.075945
0.097887
0.122532
0.149846
0.179788
0.212317
0.247387
0.284947
0.324944
0.367321
0.412019
0.458974
0.508118
0.559382
0.612693
0.667976
0.725152
0.784139
0.844855
0.907211
0.971121
1.036493
1.103234
1.171249
1.240442
1.310714
1.381966
1.454096
1.527002
1.600580
1.674726
1.749334
1.824298
1.899511
1.974868
2.050260
2.125581
2.200723
2.275581
2.350046
2.424014
2.497380
2.570039
2.641887
2.712824
2.782747
2.851559
2.919160
2.985455
3.050349
3.113751
3.175571
3.235719
3.294112
3.350666
3.405300
3.457937
3.508503
3.556925
3.603134
3.647065
3.688656
3.727847
3.764582
3.798811
3.830482
3.859553
3.885981
3.909729
3.930763
3.949054
3.964575
3.977303
3.987223
3.994318
3.998579
4.000000
3.998579
3.994318
3.987223
3.977303
3.964575
3.949054
3.930763
3.909729
3.885981
3.859553
3.830482
3.798811
3.764582
3.727847
3.688656
3.647065
3.603134
3.556925
3.508503
3.457937
3.405300
3.350666
3.294112
3.235719
3.175571
3.113751
3.050349
2.985455
2.919160
2.851559
2.782747
2.712824
2.641887
2.570039
2.497380
2.424014
2.350046
2.275581
2.200723
2.125581
2.050260
1.974868
1.899511
1.824298
1.749334
1.674726
1.600580
1.527002
1.454096
1.381966
1.310714
1.240442
1.171249
1.103234
1.036493
0.971121
0.907211
0.844855
0.784139
0.725152
0.667976
0.612693
0.559382
0.508118
0.458974
0.412019
0.367321
0.324944
0.284947
0.247387
0.212317
0.179788
0.149846
0.122532
0.097887
0.075945
0.056737
0.040290
0.026628
0.015771
0.007733
0.002526
0.000158
0.000632
0.003947
0.010098
0.019077
0.030871
0.045464
0.062834
0.082956
0.105803
0.131342
0.159536
0.190346
0.223727
0.259632
0.298011
0.338808
0.381966
0.427423
0.475115
0.524974
0.576929
0.630906
0.686828
0.744617
0.804190
0.865462
0.928346
0.992754
1.058592
1.125768
1.194187
1.263751
1.334361
1.405917
1.478317
1.551458
1.625237
1.699549
1.774287
1.849346
1.924620
2.000000
2.075380
2.150654
2.225713
2.300451
2.374763
2.448542
2.521683
2.594083
2.665639
2.736249
2.805813
2.874232
2.941408
3.007246
3.071654
3.134538
3.195810
3.255383
3.313172
3.369094
3.423071
3.475026
3.524885
3.572577
3.618034
3.661192
3.701989
3.740368
3.776273
3.809654
3.840464
3.868658
3.894197
3.917044
3.937166
3.954536
3.969129
3.980923
3.989902
3.996053
3.999368
3.999842
3.997474
3.992267
3.984229
3.973372
3.959710
3.943263
3.924055
3.902113
3.877468
3.850154
3.820212
3.787683
3.752613
3.715053
3.675056
3.632679
3.587981
3.541026
3.491882
3.440618
3.387307
3.332024
3.274848
3.215861
3.155145
3.092789
3.028879
2.963507
2.896766
2.828751
2.759558
2.689286
2.618034
2.545904
2.472998
2.399420
2.325274
2.250666
2.175702
2.100489
2.025132
1.949740
1.874419
1.799277
1.724419
1.649954
1.575986
1.502620
1.429961
1.358113
1.287176
1.217253
1.148441
1.080840
1.014545
0.949651
0.886249
0.824429
0.764281
0.705888
0.649334
0.594700
0.542063
0.491497
0.443075
0.396866
0.352935
0.311344
0.272153
0.235418
0.201189
0.169518
0.140447
0.114019
0.090271
0.069237
0.050946
0.035425
0.022697
0.012777
0.005682
0.001421
0.000000
0.001421
0.005682
0.012777
0.022697
0.035425
0.050946
0.069237
0.090271
0.114019
0.140447
0.169518
0.201189
0.235418
0.272153
0.311344
0.352935
0.396866
0.443075
0.491497
0.542063
0.594700
0.649334
0.705888
0.764281
0.824429
0.886249
0.949651
1.014545
1.080840
1.148441
1.217253
1.287176
1.358113
1.429961
1.502620
1.575986
1.649954
1.724419
1.799277
1.874419
1.949740
2.025132
2.100489
2.175702
2.250666
2.325274
2.399420
2.472998
2.545904
2.618034
2.689286
2.759558
2.828751
2.896766
2.963507
3.028879
3.092789
3.155145
3.215861
3.274848
3.332024
3.387307
3.440618
3.491882
3.541026
3.587981
3.632679
3.675056
3.715053
3.752613
3.787683
3.820212
3.850154
3.877468
3.902113
3.924055
3.943263
3.959710
3.973372
3.984229
3.992267
3.997474
3.999842
3.999368
3.996053
3.989902
3.980923
3.969129
3.954536
3.937166
3.917044
3.894197
3.868658
3.840464
3.809654
3.776273
3.740368
3.701989
3.661192
3.618034
3.572577
3.524885
3.475026
3.423071
3.369094
3.313172
3.255383
3.195810
3.134538
3.071654
3.007246
2.941408
2.874232
2.805813
2.736249
2.665639
2.594083
2.521683
2.448542
2.374763
2.300451
2.225713
2.150654
2.075380
2.000000
1.924620
1.849346
1.774287
1.699549
1.625237
1.551458
1.478317
1.405917
1.334361
1.263751
1.194187
1.125768
1.058592
0.992754
0.928346
0.865462
0.804190
0.744617
0.686828
0.630906
0.576929
0.524974
0.475115
0.427423
0.381966
0.338808
0.298011
0.259632
0.223727
0.190346
0.159536
0.131342
0.105803
0.082956
0.062834
0.045464
0.030871
0.019077
0.010098
0.003947
0.000632
0.000158
0.002526
0.007733
0.015771
0.026628
0.040290
0.056737
0.075945
0.097887
0.122532
0.149846
0.179788
0.212317
0.247387
0.284947
0.324944
0.367321
0.412019
0.458974
0.508118
0.559382
0.612693
0.667976
0.725152
0.784139
0.844855
0.907211
0.971121
1.036493
1.103234
1.171249
1.240442
1.310714
1.381966
1.454096
1.527002
1.600580
1.674726
1.749334
1.824298
1.899511
1.974868
2.050260
2.125581
2.200723
2.275581
2.350046
2.424014
2.497380
2.570039
2.641887
2.712824
2.782747
2.851559
2.919160
2.985455
3.050349
3.113751
3.175571
3.235719
3.294112
3.350666
3.405300
3.457937
3.508503
3.556925
3.603134
3.647065
3.688656
3.727847
3.764582
3.798811
3.830482
3.859553
3.885981
3.909729
3.930763
3.949054
3.964575
3.977303
3.987223
3.994318
3.998579
4.000000
3.998579
3.994318
3.987223
3.977303
3.964575
3.949054
3.930763
3.909729
3.885981
3.859553
3.830482
3.798811
3.764582
3.727847
3.688656
3.647065
3.603134
3.556925
3.508503
3.457937
3.405300
3.350666
3.294112
3.235719
3.175571
3.113751
3.050349
2.985455
2.919160
2.851559
2.782747
2.712824
2.641887
2.570039
2.497380
2.424014
2.350046
2.275581
2.200723
2.125581
2.050260
1.974868
1.899511
1.824298
1.749334
1.674726
1.600580
1.527002
1.454096
1.381966
1.310714
1.240442
1.171249
1.103234
1.036493
0.971121
0.907211
0.844855
0.784139
0.725152
0.667976
0.612693
0.559382
0.508118
0.458974
0.412019
0.367321
0.324944
0.284947
0.247387
0.212317
0.179788
0.149846
0.122532
0.097887
0.075945
0.056737
0.040290
0.026628
0.015771
0.007733
0.002526
0.000158
0.000632
0.003947
0.010098
0.019077
0.030871
0.045464
0.062834
0.082956
0.105803
0.131342
0.159536
0.190346
0.223727
0.259632
0.298011
0.338808
0.381966
0.427423
0.475115
0.524974
0.576929
0.630906
0.686828
0.744617
0.804190
0.865462
0.928346
0.992754
1.058592
1.125768
1.194187
1.263751
1.334361
1.405917
1.478317
1.551458
1.625237
1.699549
1.774287
1.849346
1.924620
2.000000
2.075380
2.150654
2.225713
2.300451
2.374763
2.448542
2.521683
2.594083
2.665639
2.736249
2.805813
2.874232
2.941408
3.007246
3.071654
3.134538
3.195810
3.255383
3.313172
3.369094
3.423071
3.475026
3.524885
3.572577
3.618034
3.661192
3.701989
3.740368
3.776273
3.809654
3.840464
3.868658
3.894197
3.917044
3.937166
3.954536
3.969129
3.980923
3.989902
3.996053
3.999368
3.999842
3.997474
3.992267
3.984229
3.973372
3.959710
3.943263
3.924055
3.902113
3.877468
3.850154
3.820212
3.787683
3.752613
3.715053
3.675056
3.632679
3.587981
3.541026
3.491882
3.440618
3.387307
3.332024
3.274848
3.215861
3.155145
3.092789
3.028879
2.963507
2.896766
2.828751
2.759558
2.689286
2.618034
2.545904
2.472998
2.399420
2.325274
2.250666
2.175702
2.100489
2.025132
1.949740
1.874419
1.799277
1.724419
1.649954
1.575986
1.502620
1.429961
1.358113
1.287176
1.217253
1.148441
1.080840
1.014545
0.949651
0.886249
0.824429
0.764281
0.705888
0.649334
0.594700
0.542063
0.491497
0.443075
0.396866
0.352935
0.311344
0.272153
0.235418
0.201189
0.169518
0.140447
0.114019
0.090271
0.069237
0.050946
0.035425
0.022697
0.012777
0.005682
0.001421
0.000000
0.001421
0.005682
0.012777
0.022697
0.035425
0.050946
0.069237
0.090271
0.114019
0.140447
0.169518
0.201189
0.235418
0.272153
0.311344
0.352935
0.396866
0.443075
0.491497
0.542063
0.594700
0.649334
0.705888
0.764281
0.824429
0.886249
0.949651
1.014545
1.080840
1.148441
1.217253
1.287176
1.358113
1.429961
1.502620
1.575986
1.649954
1.724419
1.799277
1.874419
1.949740
2.025132
2.100489
2.175702
2.250666
2.325274
2.399420
2.472998
2.545904
2.618034
2.689286
2.759558
2.828751
2.896766
2.963507
3.028879
3.092789
3.155145
3.215861
3.274848
3.332024
3.387307
3.440618
3.491882
3.541026
3.587981
3.632679
3.675056
3.715053
3.752613
3.787683
3.820212
3.850154
3.877468
3.902113
3.924055
3.943263
3.959710
3.973372
3.984229
3.992267
3.997474
3.999842
3.999368
3.996053
3.989902
3.980923
3.969129
3.954536
3.937166
3.917044
3.894197
3.868658
3.840464
3.809654
3.776273
3.740368
3.701989
3.661192
3.618034
3.572577
3.524885
3.475026
3.423071
3.369094
3.313172
3.255383
3.195810
3.134538
3.071654
3.007246
2.941408
2.874232
2.805813
2.736249
2.665639
2.594083
2.521683
2.448542
2.374763
2.300451
2.225713
2.150654
2.075380
2.000000
1.924620
1.849346
1.774287
1.699549
1.625237
1.551458
1.478317
1.405917
1.334361
1.263751
1.194187
1.125768
1.058592
0.992754
0.928346
0.865462
0.804190
0.744617
0.686828
0.630906
0.576929
0.524974
0.475115
0.427423
0.381966
0.338808
0.298011
0.259632
0.223727
0.190346
0.159536
0.131342
0.105803
0.082956
0.062834
0.045464
0.030871
0.019077
0.010098
0.003947
0.000632
0.000158
0.002526
0.007733
0.015771
0.026628
0.040290
0.056737
0.075945
0.097887
0.122532
0.149846
0.179788
0.212317
0.247387
0.284947
0.324944
0.367321
0.412019
0.458974
0.508118
0.559382
0.612693
0.667976
0.725152
0.784139
0.844855
0.907211
0.971121
1.036493
1.103234
1.171249
1.240442
1.310714
1.381966
1.454096
1.527002
1.600580
1.674726
1.749334
1.824298
1.899511
1.974868
2.050260
2.125581
2.200723
2.275581
2.350046
2.424014
2.497380
2.570039
2.641887
2.712824
2.782747
2.851559
2.919160
2.985455
3.050349
3.113751
3.175571
3.235719
3.294112
3.350666
3.405300
3.457937
3.508503
3.556925
3.603134
3.647065
3.688656
3.727847
3.764582
3.798811
3.830482
3.859553
3.885981
3.909729
3.930763
3.949054
3.964575
3.977303
3.987223
3.994318
3.998579
4.000000
3.998579
3.994318
3.987223
3.977303
3.964575
3.949054
3.930763
3.909729
3.885981
3.859553
3.830482
3.798811
3.764582
3.727847
3.688656
3.647065
3.603134
3.556925
3.508503
3.457937
3.405300
3.350666
3.294112
3.235719
3.175571
3.113751
3.050349
2.985455
2.919160
2.851559
2.782747
2.712824
2.641887
2.570039
2.497380
2.424014
2.350046
2.275581
2.200723
2.125581
2.050260
1.974868
1.899511
1.824298
1.749334
1.674726
1.600580
1.527002
1.454096
1.381966
1.310714
1.240442
1.171249
1.103234
1.036493
0.971121
0.907211
0.844855
0.784139
0.725152
0.667976
0.612693
0.559382
0.508118
0.458974
0.412019
0.367321
0.324944
0.284947
0.247387
0.212317
0.179788
0.149846
0.122532
0.097887
0.075945
0.056737
0.040290
0.026628
0.015771
0.007733
0.002526
0.000158
0.000632
0.003947
0.010098
0.019077
0.030871
0.045464
0.062834
0.082956
0.105803
0.131342
0.159536
0.190346
0.223727
0.259632
0.298011
0.338808
0.381966
0.427423
0.475115
0.524974
0.576929
0.630906
0.686828
0.744617
0.804190
0.865462
0.928346
0.992754
1.058592
1.125768
1.194187
1.263751
1.334361
1.405917
1.478317
1.551458
1.625237
1.699549
1.774287
1.849346
1.924620
2.000000
2.075380
2.150654
2.225713
2.300451
2.374763
2.448542
2.521683
2.594083
2.665639
2.736249
2.805813
2.874232
2.941408
3.007246
3.071654
3.134538
3.195810
3.255383
3.313172
3.369094
3.423071
3.475026
3.524885
3.572577
3.618034
3.661192
3.701989
3.740368
3.776273
3.809654
3.840464
3.868658
3.894197
3.917044
3.937166
3.954536
3.969129
3.980923
3.989902
3.996053
3.999368
3.999842
3.997474
3.992267
3.984229
3.973372
3.959710
3.943263
3.924055
3.902113
3.877468
3.850154
3.820212
3.787683
3.752613
3.715053
3.675056
3.632679
3.587981
3.541026
3.491882
3.440618
3.387307
3.332024
3.274848
3.215861
3.155145
3.092789
3.028879
2.963507
2.896766
2.828751
2.759558
2.689286
2.618034
2.545904
2.472998
2.399420
2.325274
2.250666
2.175702
2.100489
2.025132
1.949740
1.874419
1.799277
1.724419
1.649954
1.575986
1.502620
1.429961
1.358113
1.287176
1.217253
1.148441
1.080840
1.014545
0.949651
0.886249
0.824429
0.764281
0.705888
0.649334
0.594700
0.542063
0.491497
0.443075
0.396866
0.352935
0.311344
0.272153
0.235418
0.201189
0.169518
0.140447
0.114019
0.090271
0.069237
0.050946
0.035425
0.022697
0.012777
0.005682
0.001421
0.000000
0.001421
0.005682
0.012777
0.022697
0.035425
0.050946
0.069237
0.090271
0.114019
0.140447
0.169518
0.201189
0.235418
0.272153
0.311344
0.352935
0.396866
0.443075
0.491497
0.542063
0.594700
0.649334
0.705888
0.764281
0.824429
0.886249
0.949651
1.014545
1.080840
1.148441
1.217253
1.287176
1.358113
1.429961
1.502620
1.575986
1.649954
1.724419
1.799277
1.874419
1.949740
2.025132
2.100489
2.175702
2.250666
2.325274
2.399420
2.472998
2.545904
2.618034
2.689286
2.759558
2.828751
2.896766
2.963507
3.028879
3.092789
3.155145
3.215861
3.274848
3.332024
3.387307
3.440618
3.491882
3.541026
3.587981
3.632679
3.675056
3.715053
3.752613
3.787683
3.820212
3.850154
3.877468
3.902113
3.924055
3.943263
3.959710
3.973372
3.984229
3.992267
3.997474
3.999842
3.999368
3.996053
3.989902
3.980923
3.969129
3.954536
3.937166
3.917044
3.894197
3.868658
3.840464
3.809654
3.776273
3.740368
3.701989
3.661192
3.618034
3.572577
3.524885
3.475026
3.423071
3.369094
3.313172
3.255383
3.195810
3.134538
3.071654
3.007246
2.941408
2.874232
2.805813
2.736249
2.665639
2.594083
2.521683
2.448542
2.374763
2.300451
2.225713
2.150654
2.075380
2.000000
1.924620
1.849346
1.774287
1.699549
1.625237
1.551458
1.478317
1.405917
1.334361
1.263751
1.194187
1.125768
1.058592
0.992754
0.928346
0.865462
0.804190
0.744617
0.686828
0.630906
0.576929
0.524974
0.475115
0.427423
0.381966
0.338808
0.298011
0.259632
0.223727
0.190346
0.159536
0.131342
0.105803
0.082956
0.062834
0.045464
0.030871
0.019077
0.010098
0.003947
0.000632
0.000158
0.002526
0.007733
0.015771
0.026628
0.040290
0.056737
0.075945
0.097887
0.122532
0.149846
0.179788
0.212317
0.247387
0.284947
0.324944
0.367321
0.412019
0.458974
0.508118
0.559382
0.612693
0.667976
0.725152
0.784139
0.844855
0.907211
0.971121
1.036493
1.103234
1.171249
1.240442
1.310714
1.381966
1.454096
1.527002
1.600580
1.674726
1.749334
1.824298
1.899511
1.974868
2.050260
2.125581
2.200723
2.275581
2.350046
2.424014
2.497380
2.570039
2.641887
2.712824
2.782747
2.851559
2.919160
2.985455
3.050349
3.113751
3.175571
3.235719
3.294112
3.350666
3.405300
3.457937
3.508503
3.556925
3.603134
3.647065
3.688656
3.727847
3.764582
3.798811
3.830482
3.859553
3.885981
3.909729
3.930763
3.949054
3.964575
3.977303
3.987223
3.994318
3.998579
4.000000
3.998579
3.994318
3.987223
3.977303
3.964575
3.949054
3.930763
3.909729
3.885981
3.859553
3.830482
3.798811
3.764582
3.727847
3.688656
3.647065
3.603134
3.556925
3.508503
3.457937
3.405300
3.350666
3.294112
3.235719
3.175571
3.113751
3.050349
2.985455
2.919160
2.851559
2.782747
2.712824
2.641887
2.570039
2.497380
2.424014
2.350046
2.275581
2.200723
2.125581
2.050260
1.974868
1.899511
1.824298
1.749334
1.674726
1.600580
1.527002
1.454096
1.381966
1.310714
1.240442
1.171249
1.103234
1.036493
0.971121
0.907211
0.844855
0.784139
0.725152
0.667976
0.612693
0.559382
0.508118
0.458974
0.412019
0.367321
0.324944
0.284947
0.247387
0.212317
0.179788
0.149846
0.122532
0.097887
0.075945
0.056737
0.040290
0.026628
0.015771
0.007733
0.002526
0.000158
0.000632
0.003947
0.010098
0.019077
0.030871
0.045464
0.062834
0.082956
0.105803
0.131342
0.159536
0.190346
0.223727
0.259632
0.298011
0.338808
0.381966
0.427423
0.475115
0.524974
0.576929
0.630906
0.686828
0.744617
0.804190
0.865462
0.928346
0.992754
1.058592
1.125768
1.194187
1.263751
1.334361
1.405917
1.478317
1.551458
1.625237
1.699549
1.774287
1.849346
1.924620
2.000000
2.075380
2.150654
2.225713
2.300451
2.374763
2.448542
2.521683
2.594083
2.665639
2.736249
2.805813
2.874232
2.941408
3.007246
3.071654
3.134538
3.195810
3.255383
3.313172
3.369094
3.423071
3.475026
3.524885
3.572577
3.618034
3.661192
3.701989
3.740368
3.776273
3.809654
3.840464
3.868658
3.894197
3.917044
3.937166
3.954536
3.969129
3.980923
3.989902
3.996053
3.999368
3.999842
3.997474
3.992267
3.984229
3.973372
3.959710
3.943263
3.924055
3.902113
3.877468
3.850154
3.820212
3.787683
3.752613
3.715053
3.675056
3.632679
3.587981
3.541026
3.491882
3.440618
3.387307
3.332024
3.274848
3.215861
3.155145
3.092789
3.028879
2.963507
2.896766
2.828751
2.759558
2.689286
2.618034
2.545904
2.472998
2.399420
2.325274
2.250666
2.175702
2.100489
2.025132
1.949740
1.874419
1.799277
1.724419
1.649954
1.575986
1.502620
1.429961
1.358113
1.287176
1.217253
1.148441
1.080840
1.014545
0.949651
0.886249
0.824429
0.764281
0.705888
0.649334
0.594700
0.542063
0.491497
0.443075
0.396866
0.352935
0.311344
0.272153
0.235418
0.201189
0.169518
0.140447
0.114019
0.090271
0.069237
0.050946
0.035425
0.022697
0.012777
0.005682
0.001421
0.000000
0.001421
0.005682
0.012777
0.022697
0.035425
0.050946
0.069237
0.090271
0.114019
0.140447
0.169518
0.201189
0.235418
0.272153
0.311344
0.352935
0.396866
0.443075
0.491497
0.542063
0.594700
0.649334
0.705888
0.764281
0.824429
0.886249
0.949651
1.014545
1.080840
1.148441
1.217253
1.287176
1.358113
1.429961
1.502620
1.575986
1.649954
1.724419
1.799277
1.874419
1.949740
2.025132
2.100489
2.175702
2.250666
2.325274
2.399420
2.472998
2.545904
2.618034
2.689286
2.759558
2.828751
2.896766
2.963507
3.028879
3.092789
3.155145
3.215861
3.274848
3.332024
3.387307
3.440618
3.491882
3.541026
3.587981
3.632679
3.675056
3.715053
3.752613
3.787683
3.820212
3.850154
3.877468
3.902113
3.924055
3.943263
3.959710
3.973372
3.984229
3.992267
3.997474
3.999842
3.999368
3.996053
3.989902
3.980923
3.969129
3.954536
3.937166
3.917044
3.894197
3.868658
3.840464
3.809654
3.776273
3.740368
3.701989
3.661192
3.618034
3.572577
3.524885
3.475026
3.423071
3.369094
3.313172
3.255383
3.195810
3.134538
3.071654
3.007246
2.941408
2.874232
2.805813
2.736249
2.665639
2.594083
2.521683
2.448542
2.374763
2.300451
2.225713
2.150654
2.075380
2.000000
1.924620
1.849346
1.774287
1.699549
1.625237
1.551458
1.478317
1.405917
1.334361
1.263751
1.194187
1.125768
1.058592
0.992754
0.928346
0.865462
0.804190
0.744617
0.686828
0.630906
0.576929
0.524974
0.475115
0.427423
0.381966
0.338808
0.298011
0.259632
0.223727
0.190346
0.159536
0.131342
0.105803
0.082956
0.062834
0.045464
0.030871
0.019077
0.010098
0.003947
0.000632
0.000158
0.002526
0.007733
0.015771
0.026628
0.040290
0.056737
0.075945
0.097887
0.122532
0.149846
0.179788
0.212317
0.247387
0.284947
0.324944
0.367321
0.412019
0.458974
0.508118
0.559382
0.612693
0.667976
0.725152
0.784139
0.844855
0.907211
0.971121
1.036493
1.103234
1.171249
1.240442
1.310714
1.381966
1.454096
1.527002
1.600580
1.674726
1.749334
1.824298
1.899511
1.974868
2.050260
2.125581
2.200723
2.275581
2.350046
2.424014
2.497380
2.570039
2.641887
2.712824
2.782747
2.851559
2.919160
2.985455
3.050349
3.113751
3.175571
3.235719
3.294112
3.350666
3.405300
3.457937
3.508503
3.556925
3.603134
3.647065
3.688656
3.727847
3.764582
3.798811
3.830482
3.859553
3.885981
3.909729
3.930763
3.949054
3.964575
3.977303
3.987223
3.994318
3.998579
4.000000
3.998579
3.994318
3.987223
3.977303
3.964575
3.949054
3.930763
3.909729
3.885981
3.859553
3.830482
3.798811
3.764582
3.727847
3.688656
3.647065
3.603134
3.556925
3.508503
3.457937
3.405300
3.350666
3.294112
3.235719
3.175571
3.113751
3.050349
2.985455
2.919160
2.851559
2.782747
2.712824
2.641887
2.570039
2.497380
2.424014
2.350046
2.275581
2.200723
2.125581
2.050260
1.974868
1.899511
1.824298
1.749334
1.674726
1.600580
1.527002
1.454096
1.381966
1.310714
1.240442
1.171249
1.103234
1.036493
0.971121
0.907211
0.844855
0.784139
0.725152
0.667976
0.612693
0.559382
0.508118
0.458974
0.412019
0.367321
0.324944
0.284947
0.247387
0.212317
0.179788
0.149846
0.122532
0.097887
0.075945
0.056737
0.040290
0.026628
0.015771
0.007733
0.002526
0.000158
0.000632
0.003947
0.010098
0.019077
0.030871
0.045464
0.062834
0.082956
0.105803
0.131342
0.159536
0.190346
0.223727
0.259632
0.298011
0.338808
0.381966
0.427423
0.475115
0.524974
0.576929
0.630906
0.686828
0.744617
0.804190
0.865462
0.928346
0.992754
1.058592
1.125768
1.194187
1.263751
1.334361
1.405917
1.478317
1.551458
1.625237
1.699549
1.774287
1.849346
1.924620
2.000000
2.075380
2.150654
2.225713
2.300451
2.374763
2.448542
2.521683
2.594083
2.665639
2.736249
2.805813
2.874232
2.941408
3.007246
3.071654
3.134538
3.195810
3.255383
3.313172
3.369094
3.423071
3.475026
3.524885
3.572577
3.618034
3.661192
3.701989
3.740368
3.776273
3.809654
3.840464
3.868658
3.894197
3.917044
3.937166
3.954536
3.969129
3.980923
3.989902
3.996053
3.999368
3.999842
3.997474
3.992267
3.984229
3.973372
3.959710
3.943263
3.924055
3.902113
3.877468
3.850154
3.820212
3.787683
3.752613
3.715053
3.675056
3.632679
3.587981
3.541026
3.491882
3.440618
3.387307
3.332024
3.274848
3.215861
3.155145
3.092789
3.028879
2.963507
2.896766
2.828751
2.759558
2.689286
2.618034
2.545904
2.472998
2.399420
2.325274
2.250666
2.175702
2.100489
2.025132
1.949740
1.874419
1.799277
1.724419
1.649954
1.575986
1.502620
1.429961
1.358113
1.287176
1.217253
1.148441
1.080840
1.014545
0.949651
0.886249
0.824429
0.764281
0.705888
0.649334
0.594700
0.542063
0.491497
0.443075
0.396866
0.352935
0.311344
0.272153
0.235418
0.201189
0.169518
0.140447
0.114019
0.090271
0.069237
0.050946
0.035425
0.022697
0.012777
0.005682
0.001421
0.000000
0.001421
0.005682
0.012777
0.022697
0.035425
0.050946
0.069237
0.090271
0.114019
0.140447
0.169518
0.201189
0.235418
0.272153
0.311344
0.352935
0.396866
0.443075
0.491497
0.542063
0.594700
0.649334
0.705888
0.764281
0.824429
0.886249
0.949651
1.014545
1.080840
1.148441
1.217253
1.287176
1.358113
1.429961
1.502620
1.575986
1.649954
1.724419
1.799277
1.874419
1.949740
2.025132
2.100489
2.175702
2.250666
2.325274
2.399420
2.472998
2.545904
2.618034
2.689286
2.759558
2.828751
2.896766
2.963507
3.028879
3.092789
3.155145
3.215861
3.274848
3.332024
3.387307
3.440618
3.491882
3.541026
3.587981
3.632679
3.675056
3.715053
3.752613
3.787683
3.820212
3.850154
3.877468
3.902113
3.924055
3.943263
3.959710
3.973372
3.984229
3.992267
3.997474
3.999842
3.999368
3.996053
3.989902
3.980923
3.969129
3.954536
3.937166
3.917044
3.894197
3.868658
3.840464
3.809654
3.776273
3.740368
3.701989
3.661192
3.618034
3.572577
3.524885
3.475026
3.423071
3.369094
3.313172
3.255383
3.195810
3.134538
3.071654
3.007246
2.941408
2.874232
2.805813
2.736249
2.665639
2.594083
2.521683
2.448542
2.374763
2.300451
2.225713
2.150654
2.075380
2.000000
1.924620
1.849346
1.774287
1.699549
1.625237
1.551458
1.478317
1.405917
1.334361
1.263751
1.194187
1.125768
1.058592
0.992754
0.928346
0.865462
0.804190
0.744617
0.686828
0.630906
0.576929
0.524974
0.475115
0.427423
0.381966
0.338808
0.298011
0.259632
0.223727
0.190346
0.159536
0.131342
0.105803
0.082956
0.062834
0.045464
0.030871
0.019077
0.010098
0.003947
0.000632
0.000158
0.002526
0.007733
0.015771
0.026628
0.040290
0.056737
0.075945
0.097887
0.122532
0.149846
0.179788
0.212317
0.247387
0.284947
0.324944
0.367321
0.412019
0.458974
0.508118
0.559382
0.612693
0.667976
0.725152
0.784139
0.844855
0.907211
0.971121
1.036493
1.103234
1.171249
1.240442
1.310714
1.381966
1.454096
1.527002
1.600580
1.674726
1.749334
1.824298
1.899511
1.974868
2.050260
2.125581
2.200723
2.275581
2.350046
2.424014
2.497380
2.570039
2.641887
2.712824
2.782747
2.851559
2.919160
2.985455
3.050349
3.113751
3.175571
3.235719
3.294112
3.350666
3.405300
3.457937
3.508503
3.556925
3.603134
3.647065
3.688656
3.727847
3.764582
3.798811
3.830482
3.859553
3.885981
3.909729
3.930763
3.949054
3.964575
3.977303
3.987223
3.994318
3.998579
4.000000
3.998579
3.994318
3.987223
3.977303
3.964575
3.949054
3.930763
3.909729
3.885981
3.859553
3.830482
3.798811
3.764582
3.727847
3.688656
3.647065
3.603134
3.556925
3.508503
3.457937
3.405300
3.350666
3.294112
3.235719
3.175571
3.113751
3.050349
2.985455
2.919160
2.851559
2.782747
2.712824
2.641887
2.570039
2.497380
2.424014
2.350046
2.275581
2.200723
2.125581
2.050260
1.974868
1.899511
1.824298
1.749334
1.674726
1.600580
1.527002
1.454096
1.381966
1.310714
1.240442
1.171249
1.103234
1.036493
0.971121
0.907211
0.844855
0.784139
0.725152
0.667976
0.612693
0.559382
0.508118
0.458974
0.412019
0.367321
0.324944
0.284947
0.247387
0.212317
0.179788
0.149846
0.122532
0.097887
0.075945
0.056737
0.040290
0.026628
0.015771
0.007733
0.002526
0.000158
0.000632
0.003947
0.010098
0.019077
0.030871
0.045464
0.062834
0.082956
0.105803
0.131342
0.159536
0.190346
0.223727
0.259632
0.298011
0.338808
0.381966
0.427423
0.475115
0.524974
0.576929
0.630906
0.686828
0.744617
0.804190
0.865462
0.928346
0.992754
1.058592
1.125768
1.194187
1.263751
1.334361
1.405917
1.478317
1.551458
1.625237
1.699549
1.774287
1.849346
1.924620
2.000000
2.075380
2.150654
2.225713
2.300451
2.374763
2.448542
2.521683
2.594083
2.665639
2.736249
2.805813
2.874232
2.941408
3.007246
3.071654
3.134538
3.195810
3.255383
3.313172
3.369094
3.423071
3.475026
3.524885
3.572577
3.618034
3.661192
3.701989
3.740368
3.776273
3.809654
3.840464
3.868658
3.894197
3.917044
3.937166
3.954536
3.969129
3.980923
3.989902
3.996053
3.999368
3.999842
3.997474
3.992267
3.984229
3.973372
3.959710
3.943263
3.924055
3.902113
3.877468
3.850154
3.820212
3.787683
3.752613
3.715053
3.675056
3.632679
3.587981
3.541026
3.491882
3.440618
3.387307
3.332024
3.274848
3.215861
3.155145
3.092789
3.028879
2.963507
2.896766
2.828751
2.759558
2.689286
2.618034
2.545904
2.472998
2.399420
2.325274
2.250666
2.175702
2.100489
2.025132
1.949740
1.874419
1.799277
1.724419
1.649954
1.575986
1.502620
1.429961
1.358113
1.287176
1.217253
1.148441
1.080840
1.014545
0.949651
0.886249
0.824429
0.764281
0.705888
0.649334
0.594700
0.542063
0.491497
0.443075
0.396866
0.352935
0.311344
0.272153
0.235418
0.201189
0.169518
0.140447
0.114019
0.090271
0.069237
0.050946
0.035425
0.022697
0.012777
0.005682
0.001421
0.000000
0.001421
0.005682
0.012777
0.022697
0.035425
0.050946
0.069237
0.090271
0.114019
0.140447
0.169518
0.201189
0.235418
0.272153
0.311344
0.352935
0.396866
0.443075
0.491497
0.542063
0.594700
0.649334
0.705888
0.764281
0.824429
0.886249
0.949651
1.014545
1.080840
1.148441
1.217253
1.287176
1.358113
1.429961
1.502620
1.575986
1.649954
1.724419
1.799277
1.874419
1.949740
2.025132
2.100489
2.175702
2.250666
2.325274
2.399420
2.472998
2.545904
2.618034
2.689286
2.759558
2.828751
2.896766
2.963507
3.028879
3.092789
3.155145
3.215861
3.274848
3.332024
3.387307
3.440618
3.491882
3.541026
3.587981
3.632679
3.675056
3.715053
3.752613
3.787683
3.820212
3.850154
3.877468
3.902113
3.924055
3.943263
3.959710
3.973372
3.984229
3.992267
3.997474
3.999842
3.999368
3.996053
3.989902
3.980923
3.969129
3.954536
3.937166
3.917044
3.894197
3.868658
3.840464
3.809654
3.776273
3.740368
3.701989
3.661192
3.618034
3.572577
3.524885
3.475026
3.423071
3.369094
3.313172
3.255383
3.195810
3.134538
3.071654
3.007246
2.941408
2.874232
2.805813
2.736249
2.665639
2.594083
2.521683
2.448542
2.374763
2.300451
2.225713
2.150654
2.075380
2.000000
1.924620
1.849346
1.774287
1.699549
1.625237
1.551458
1.478317
1.405917
1.334361
1.263751
1.194187
1.125768
1.058592
0.992754
0.928346
0.865462
0.804190
0.744617
0.686828
0.630906
0.576929
0.524974
0.475115
0.427423
0.381966
0.338808
0.298011
0.259632
0.223727
0.190346
0.159536
0.131342
0.105803
0.082956
0.062834
0.045464
0.030871
0.019077
0.010098
0.003947
0.000632
0.000158
0.002526
0.007733
0.015771
0.026628
0.040290
0.056737
0.075945
0.097887
0.122532
0.149846
0.179788
0.212317
0.247387
0.284947
0.324944
0.367321
0.412019
0.458974
0.508118
0.559382
0.612693
0.667976
0.725152
0.784139
0.844855
0.907211
0.971121
1.036493
1.103234
1.171249
1.240442
1.310714
1.381966
1.454096
1.527002
1.600580
1.674726
1.749334
1.824298
1.899511
1.974868
2.050260
2.125581
2.200723
2.275581
2.350046
2.424014
2.497380
2.570039
2.641887
2.712824
2.782747
2.851559
2.919160
2.985455
3.050349
3.113751
3.175571
3.235719
3.294112
3.350666
3.405300
3.457937
3.508503
3.556925
3.603134
3.647065
3.688656
3.727847
3.764582
3.798811
3.830482
3.859553
3.885981
3.909729
3.930763
3.949054
3.964575
3.977303
3.987223
3.994318
3.998579
4.000000
3.998579
3.994318
3.987223
3.977303
3.964575
3.949054
3.930763
3.909729
3.885981
3.859553
3.830482
3.798811
3.764582
3.727847
3.688656
3.647065
3.603134
3.556925
3.508503
3.457937
3.405300
3.350666
3.294112
3.235719
3.175571
3.113751
3.050349
2.985455
2.919160
2.851559
2.782747
2.712824
2.641887
2.570039
2.497380
2.424014
2.350046
2.275581
2.200723
2.125581
2.050260
1.974868
1.899511
1.824298
1.749334
1.674726
1.600580
1.527002
1.454096
1.381966
1.310714
1.240442
1.171249
1.103234
1.036493
0.971121
0.907211
0.844855
0.784139
0.725152
0.667976
0.612693
0.559382
0.508118
0.458974
0.412019
0.367321
0.324944
0.284947
0.247387
0.212317
0.179788
0.149846
0.122532
0.097887
0.075945
0.056737
0.040290
0.026628
0.015771
0.007733
0.002526
0.000158
0.000632
0.003947
0.010098
0.019077
0.030871
0.045464
0.062834
0.082956
0.105803
0.131342
0.159536
0.190346
0.223727
0.259632
0.298011
0.338808
0.381966
0.427423
0.475115
0.524974
0.576929
0.630906
0.686828
0.744617
0.804190
0.865462
0.928346
0.992754
1.058592
1.125768
1.194187
1.263751
1.334361
1.405917
1.478317
1.551458
1.625237
1.699549
1.774287
1.849346
1.924620
2.000000
2.075380
2.150654
2.225713
2.300451
2.374763
2.448542
2.521683
2.594083
2.665639
2.736249
2.805813
2.874232
2.941408
3.007246
3.071654
3.134538
3.195810
3.255383
3.313172
3.369094
3.423071
3.475026
3.524885
3.572577
3.618034
3.661192
3.701989
3.740368
3.776273
3.809654
3.840464
3.868658
3.894197
3.917044
3.937166
3.954536
3.969129
3.980923
3.989902
3.996053
3.999368
3.999842
3.997474
3.992267
3.984229
3.973372
3.959710
3.943263
3.924055
3.902113
3.877468
3.850154
3.820212
3.787683
3.752613
3.715053
3.675056
3.632679
3.587981
3.541026
3.491882
3.440618
3.387307
3.332024
3.274848
3.215861
3.155145
3.092789
3.028879
2.963507
2.896766
2.828751
2.759558
2.689286
2.618034
2.545904
2.472998
2.399420
2.325274
2.250666
2.175702
2.100489
2.025132
1.949740
1.874419
1.799277
1.724419
1.649954
1.575986
1.502620
1.429961
1.358113
1.287176
1.217253
1.148441
1.080840
1.014545
0.949651
0.886249
0.824429
0.764281
0.705888
0.649334
0.594700
0.542063
0.491497
0.443075
0.396866
0.352935
0.311344
0.272153
0.235418
0.201189
0.169518
0.140447
0.114019
0.090271
0.069237
0.050946
0.035425
0.022697
0.012777
0.005682
0.001421
0.000000
0.001421
0.005682
0.012777
0.022697
0.035425
0.050946
0.069237
0.090271
0.114019
0.140447
0.169518
0.201189
0.235418
0.272153
0.311344
0.352935
0.396866
0.443075
0.491497
0.542063
0.594700
0.649334
0.705888
0.764281
0.824429
0.886249
0.949651
1.014545
1.080840
1.148441
1.217253
1.287176
1.358113
1.429961
1.502620
1.575986
1.649954
1.724419
1.799277
1.874419
1.949740
2.025132
2.100489
2.175702
2.250666
2.325274
2.399420
2.472998
2.545904
2.618034
2.689286
2.759558
2.828751
2.896766
2.963507
3.028879
3.092789
3.155145
3.215861
3.274848
3.332024
3.387307
3.440618
3.491882
3.541026
3.587981
3.632679
3.675056
3.715053
3.752613
3.787683
3.820212
3.850154
3.877468
3.902113
3.924055
3.943263
3.959710
3.973372
3.984229
3.992267
3.997474
3.999842
3.999368
3.996053
3.989902
3.980923
3.969129
3.954536
3.937166
3.917044
3.894197
3.868658
3.840464
3.809654
3.776273
3.740368
3.701989
3.661192
3.618034
3.572577
3.524885
3.475026
3.423071
3.369094
3.313172
3.255383
3.195810
3.134538
3.071654
3.007246
2.941408
2.874232
2.805813
2.736249
2.665639
2.594083
2.521683
2.448542
2.374763
2.300451
2.225713
2.150654
2.075380
2.000000
1.924620
1.849346
1.774287
1.699549
1.625237
1.551458
1.478317
1.405917
1.334361
1.263751
1.194187
1.125768
1.058592
0.992754
0.928346
0.865462
0.804190
0.744617
0.686828
0.630906
0.576929
0.524974
0.475115
0.427423
0.381966
0.338808
0.298011
0.259632
0.223727
0.190346
0.159536
0.131342
0.105803
0.082956
0.062834
0.045464
0.030871
0.019077
0.010098
0.003947
0.000632
0.000158
0.002526
0.007733
0.015771
0.026628
0.040290
0.056737
0.075945
0.097887
0.122532
0.149846
0.179788
0.212317
0.247387
0.284947
0.324944
0.367321
0.412019
0.458974
0.508118
0.559382
0.612693
0.667976
0.725152
0.784139
0.844855
0.907211
0.971121
1.036493
1.103234
1.171249
1.240442
1.310714
1.381966
1.454096
1.527002
1.600580
1.674726
1.749334
1.824298
1.899511
1.974868
2.050260
2.125581
2.200723
2.275581
2.350046
2.424014
2.497380
2.570039
2.641887
2.712824
2.782747
2.851559
2.919160
2.985455
3.050349
3.113751
3.175571
3.235719
3.294112
3.350666
3.405300
3.457937
3.508503
3.556925
3.603134
3.647065
3.688656
3.727847
3.764582
3.798811
3.830482
3.859553
3.885981
3.909729
3.930763
3.949054
3.964575
3.977303
3.987223
3.994318
3.998579
4.000000
3.998579
3.994318
3.987223
3.977303
3.964575
3.949054
3.930763
3.909729
3.885981
3.859553
3.830482
3.798811
3.764582
3.727847
3.688656
3.647065
3.603134
3.556925
3.508503
3.457937
3.405300
3.350666
3.294112
3.235719
3.175571
3.113751
3.050349
2.985455
2.919160
2.851559
2.782747
2.712824
2.641887
2.570039
2.497380
2.424014
2.350046
2.275581
2.200723
2.125581
2.050260
1.974868
1.899511
1.824298
1.749334
1.674726
1.600580
1.527002
1.454096
1.381966
1.310714
1.240442
1.171249
1.103234
1.036493
0.971121
0.907211
0.844855
0.784139
0.725152
0.667976
0.612693
0.559382
0.508118
0.458974
0.412019
0.367321
0.324944
0.284947
0.247387
0.212317
0.179788
0.149846
0.122532
0.097887
0.075945
0.056737
0.040290
0.026628
0.015771
0.007733
0.002526
0.000158
0.000632
0.003947
0.010098
0.019077
0.030871
0.045464
0.062834
0.082956
0.105803
0.131342
0.159536
0.190346
0.223727
0.259632
0.298011
0.338808
0.381966
0.427423
0.475115
0.524974
0.576929
0.630906
0.686828
0.744617
0.804190
0.865462
0.928346
0.992754
1.058592
1.125768
1.194187
1.263751
1.334361
1.405917
1.478317
1.551458
1.625237
1.699549
1.774287
1.849346
1.924620
2.000000
2.075380
2.150654
2.225713
2.300451
2.374763
2.448542
2.521683
2.594083
2.665639
2.736249
2.805813
2.874232
2.941408
3.007246
3.071654
3.134538
3.195810
3.255383
3.313172
3.369094
3.423071
3.475026
3.524885
3.572577
3.618034
3.661192
3.701989
3.740368
3.776273
3.809654
3.840464
3.868658
3.894197
3.917044
3.937166
3.954536
3.969129
3.980923
3.989902
3.996053
3.999368
3.999842
3.997474
3.992267
3.984229
3.973372
3.959710
3.943263
3.924055
3.902113
3.877468
3.850154
3.820212
3.787683
3.752613
3.715053
3.675056
3.632679
3.587981
3.541026
3.491882
3.440618
3.387307
3.332024
3.274848
3.215861
3.155145
3.092789
3.028879
2.963507
2.896766
2.828751
2.759558
2.689286
2.618034
2.545904
2.472998
2.399420
2.325274
2.250666
2.175702
2.100489
2.025132
1.949740
1.874419
1.799277
1.724419
1.649954
1.575986
1.502620
1.429961
1.358113
1.287176
1.217253
1.148441
1.080840
1.014545
0.949651
0.886249
0.824429
0.764281
0.705888
0.649334
0.594700
0.542063
0.491497
0.443075
0.396866
0.352935
0.311344
0.272153
0.235418
0.201189
0.169518
0.140447
0.114019
0.090271
0.069237
0.050946
0.035425
0.022697
0.012777
0.005682
0.001421
0.000000
0.001421
0.005682
0.012777
0.022697
0.035425
0.050946
0.069237
0.090271
0.114019
0.140447
0.169518
0.201189
0.235418
0.272153
0.311344
0.352935
0.396866
0.443075
0.491497
0.542063
0.594700
0.649334
0.705888
0.764281
0.824429
0.886249
0.949651
1.014545
1.080840
1.148441
1.217253
1.287176
1.358113
1.429961
1.502620
1.575986
1.649954
1.724419
1.799277
1.874419
1.949740
2.025132
2.100489
2.175702
2.250666
2.325274
2.399420
2.472998
2.545904
2.618034
2.689286
2.759558
2.828751
2.896766
2.963507
3.028879
3.092789
3.155145
3.215861
3.274848
3.332024
3.387307
3.440618
3.491882
3.541026
3.587981
3.632679
3.675056
3.715053
3.752613
3.787683
3.820212
3.850154
3.877468
3.902113
3.924055
3.943263
3.959710
3.973372
3.984229
3.992267
3.997474
3.999842
3.999368
3.996053
3.989902
3.980923
3.969129
3.954536
3.937166
3.917044
3.894197
3.868658
3.840464
3.809654
3.776273
3.740368
3.701989
3.661192
3.618034
3.572577
3.524885
3.475026
3.423071
3.369094
3.313172
3.255383
3.195810
3.134538
3.071654
3.007246
2.941408
2.874232
2.805813
2.736249
2.665639
2.594083
2.521683
2.448542
2.374763
2.300451
2.225713
2.150654
2.075380
2.000000
1.924620
1.849346
1.774287
1.699549
1.625237
1.551458
1.478317
1.405917
1.334361
1.263751
1.194187
1.125768
1.058592
0.992754
0.928346
0.865462
0.804190
0.744617
0.686828
0.630906
0.576929
0.524974
0.475115
0.427423
0.381966
0.338808
0.298011
0.259632
0.223727
0.190346
0.159536
0.131342
0.105803
0.082956
0.062834
0.045464
0.030871
0.019077
0.010098
0.003947
0.000632
0.000158
0.002526
0.007733
0.015771
0.026628
0.040290
0.056737
0.075945
0.097887
0.122532
0.149846
0.179788
0.212317
0.247387
0.284947
0.324944
0.367321
0.412019
0.458974
0.508118
0.559382
0.612693
0.667976
0.725152
0.784139
0.844855
0.907211
0.971121
1.036493
1.103234
1.171249
1.240442
1.310714
1.381966
1.454096
1.527002
1.600580
1.674726
1.749334
1.824298
1.899511
1.974868
2.050260
2.125581
2.200723
2.275581
2.350046
2.424014
2.497380
2.570039
2.641887
2.712824
2.782747
2.851559
2.919160
2.985455
3.050349
3.113751
3.175571
3.235719
3.294112
3.350666
3.405300
3.457937
3.508503
3.556925
3.603134
3.647065
3.688656
3.727847
3.764582
3.798811
3.830482
3.859553
3.885981
3.909729
3.930763
3.949054
3.964575
3.977303
3.987223
3.994318
3.998579
4.000000
3.998579
3.994318
3.987223
3.977303
3.964575
3.949054
3.930763
3.909729
3.885981
3.859553
3.830482
3.798811
3.764582
3.727847
3.688656
3.647065
3.603134
3.556925
3.508503
3.457937
3.405300
3.350666
3.294112
3.235719
3.175571
3.113751
3.050349
2.985455
2.919160
2.851559
2.782747
2.712824
2.641887
2.570039
2.497380
2.424014
2.350046
2.275581
2.200723
2.125581
2.050260
1.974868
1.899511
1.824298
1.749334
1.674726
1.600580
1.527002
1.454096
1.381966
1.310714
1.240442
1.171249
1.103234
1.036493
0.971121
0.907211
0.844855
0.784139
0.725152
0.667976
0.612693
0.559382
0.508118
0.458974
0.412019
0.367321
0.324944
0.284947
0.247387
0.212317
0.179788
0.149846
0.122532
0.097887
0.075945
0.056737
0.040290
0.026628
0.015771
0.007733
0.002526
0.000158
0.000632
0.003947
0.010098
0.019077
0.030871
0.045464
0.062834
0.082956
0.105803
0.131342
0.159536
0.190346
0.223727
0.259632
0.298011
0.338808
0.381966
0.427423
0.475115
0.524974
0.576929
0.630906
0.686828
0.744617
0.804190
0.865462
0.928346
0.992754
1.058592
1.125768
1.194187
1.263751
1.334361
1.405917
1.478317
1.551458
1.625237
1.699549
1.774287
1.849346
1.924620
2.000000
2.075380
2.150654
2.225713
2.300451
2.374763
2.448542
2.521683
2.594083
2.665639
2.736249
2.805813
2.874232
2.941408
3.007246
3.071654
3.134538
3.195810
3.255383
3.313172
3.369094
3.423071
3.475026
3.524885
3.572577
3.618034
3.661192
3.701989
3.740368
3.776273
3.809654
3.840464
3.868658
3.894197
3.917044
3.937166
3.954536
3.969129
3.980923
3.989902
3.996053
3.999368
3.999842
3.997474
3.992267
3.984229
3.973372
3.959710
3.943263
3.924055
3.902113
3.877468
3.850154
3.820212
3.787683
3.752613
3.715053
3.675056
3.632679
3.587981
3.541026
3.491882
3.440618
3.387307
3.332024
3.274848
3.215861
3.155145
3.092789
3.028879
2.963507
2.896766
2.828751
2.759558
2.689286
2.618034
2.545904
2.472998
2.399420
2.325274
2.250666
2.175702
2.100489
2.025132
1.949740
1.874419
1.799277
1.724419
1.649954
1.575986
1.502620
1.429961
1.358113
1.287176
1.217253
1.148441
1.080840
1.014545
0.949651
0.886249
0.824429
0.764281
0.705888
0.649334
0.594700
0.542063
0.491497
0.443075
0.396866
0.352935
0.311344
0.272153
0.235418
0.201189
0.169518
0.140447
0.114019
0.090271
0.069237
0.050946
0.035425
0.022697
0.012777
0.005682
0.001421
0.000000
