2500
0.000000
0.000000
0.000000
0.000000
0.000000
0.000000
0.000000
0.000000
0.000000
0.000000
0.000000
0.000000
0.000000
0.000000
0.000001
0.000001
0.000001
0.000001
0.000001
0.000001
0.000001
0.000001
0.000002
0.000002
0.000002
0.000002
0.000002
0.000003
0.000003
0.000003
0.000003
0.000004
0.000004
0.000004
0.000004
0.000005
0.000005
0.000005
0.000006
0.000006
0.000006
0.000007
0.000007
0.000008
0.000008
0.000008
0.000009
0.000009
0.000010
0.000010
0.000011
0.000011
0.000012
0.000012
0.000013
0.000013
0.000014
0.000014
0.000015
0.000016
0.000016
0.000017
0.000017
0.000018
0.000019
0.000019
0.000020
0.000021
0.000022
0.000022
0.000023
0.000024
0.000025
0.000026
0.000026
0.000027
0.000028
0.000029
0.000030
0.000031
0.000032
0.000033
0.000034
0.000035
0.000036
0.000037
0.000038
0.000039
0.000040
0.000041
0.000042
0.000043
0.000044
0.000045
0.000047
0.000048
0.000049
0.000050
0.000052
0.000053
0.000054
0.000056
0.000057
0.000058
0.000060
0.000061
0.000063
0.000064
0.000065
0.000067
0.000069
0.000070
0.000072
0.000073
0.000075
0.000077
0.000078
0.000080
0.000082
0.000083
0.000085
0.000087
0.000089
0.000091
0.000093
0.000094
0.000096
0.000098
0.000100
0.000102
0.000104
0.000106
0.000108
0.000111
0.000113
0.000115
0.000117
0.000119
0.000122
0.000124
0.000126
0.000129
0.000131
0.000133
0.000136
0.000138
0.000141
0.000143
0.000146
0.000149
0.000151
0.000154
0.000157
0.000159
0.000162
0.000165
0.000168
0.000171
0.000174
0.000177
0.000180
0.000183
0.000186
0.000189
0.000192
0.000195
0.000198
0.000202
0.000205
0.000208
0.000212
0.000215
0.000218
0.000222
0.000225
0.000229
0.000233
0.000236
0.000240
0.000244
0.000247
0.000251
0.000255
0.000259
0.000263
0.000267
0.000271
0.000275
0.000279
0.000283
0.000288
0.000292
0.000296
0.000301
0.000305
0.000309
0.000314
0.000319
0.000323
0.000328
0.000333
0.000337
0.000342
0.000347
0.000352
0.000357
0.000362
0.000367
0.000372
0.000377
0.000383
0.000388
0.000393
0.000399
0.000404
0.000410
0.000415
0.000421
0.000427
0.000432
0.000438
0.000444
0.000450
0.000456
0.000462
0.000468
0.000474
0.000481
0.000487
0.000493
0.000500
0.000506
0.000513
0.000520
0.000526
0.000533
0.000540
0.000547
0.000554
0.000561
0.000568
0.000575
0.000583
0.000590
0.000597
0.000605
0.000613
0.000620
0.000628
0.000636
0.000644
0.000652
0.000660
0.000668
0.000676
0.000684
0.000693
0.000701
0.000710
0.000718
0.000727
0.000736
0.000745
0.000754
0.000763
0.000772
0.000781
0.000790
0.000800
0.000809
0.000819
0.000828
0.000838
0.000848
0.000858
0.000868
0.000878
0.000888
0.000899
0.000909
0.000920
0.000930
0.000941
0.000952
0.000963
0.000974
0.000985
0.000996
0.001008
0.001019
0.001031
0.001042
0.001054
0.001066
0.001078
0.001090
0.001102
0.001115
0.001127
0.001140
0.001152
0.001165
0.001178
0.001191
0.001204
0.001218
0.001231
0.001245
0.001258
0.001272
0.001286
0.001300
0.001314
0.001329
0.001343
0.001358
0.001372
0.001387
0.001402
0.001417
0.001432
0.001448
0.001463
0.001479
0.001495
0.001511
0.001527
0.001543
0.001559
0.001576
0.001592
0.001609
0.001626
0.001643
0.001661
0.001678
0.001696
0.001713
0.001731
0.001749
0.001767
0.001786
0.001804
0.001823
0.001842
0.001861
0.001880
0.001900
0.001919
0.001939
0.001959
0.001979
0.001999
0.002019
0.002040
0.002061
0.002082
0.002103
0.002124
0.002146
0.002168
0.002189
0.002212
0.002234
0.002256
0.002279
0.002302
0.002325
0.002348
0.002372
0.002395
0.002419
0.002443
0.002468
0.002492
0.002517
0.002542
0.002567
0.002592
0.002618
0.002644
0.002670
0.002696
0.002722
0.002749
0.002776
0.002803
0.002831
0.002858
0.002886
0.002914
0.002942
0.002971
0.003000
0.003029
0.003058
0.003088
0.003118
0.003148
0.003178
0.003209
0.003240
0.003271
0.003302
0.003334
0.003366
0.003398
0.003430
0.003463
0.003496
0.003529
0.003563
0.003597
0.003631
0.003665
0.003700
0.003735
0.003770
0.003806
0.003842
0.003878
0.003914
0.003951
0.003988
0.004026
0.004064
0.004102
0.004140
0.004179
0.004218
0.004257
0.004297
0.004337
0.004377
0.004418
0.004459
0.004500
0.004542
0.004584
0.004626
0.004669
0.004712
0.004755
0.004799
0.004843
0.004888
0.004933
0.004978
0.005024
0.005070
0.005116
0.005163
0.005210
0.005258
0.005306
0.005354
0.005403
0.005452
0.005501
0.005551
0.005602
0.005653
0.005704
0.005755
0.005807
0.005860
0.005913
0.005966
0.006020
0.006074
0.006129
0.006184
0.006239
0.006295
0.006352
0.006409
0.006466
0.006524
0.006582
0.006641
0.006700
0.006760
0.006820
0.006881
0.006942
0.007004
0.007066
0.007129
0.007192
0.007256
0.007320
0.007385
0.007450
0.007516
0.007583
0.007649
0.007717
0.007785
0.007853
0.007922
0.007992
0.008062
0.008133
0.008204
0.008276
0.008349
0.008422
0.008495
0.008570
0.008645
0.008720
0.008796
0.008873
0.008950
0.009028
0.009106
0.009186
0.009265
0.009346
0.009427
0.009509
0.009591
0.009674
0.009758
0.009842
0.009927
0.010013
0.010099
0.010186
0.010274
0.010362
0.010452
0.010541
0.010632
0.010723
0.010815
0.010908
0.011002
0.011096
0.011191
0.011287
0.011383
0.011480
0.011578
0.011677
0.011777
0.011877
0.011978
0.012080
0.012183
0.012287
0.012391
0.012496
0.012602
0.012709
0.012817
0.012926
0.013035
0.013145
0.013257
0.013369
0.013482
0.013595
0.013710
0.013826
0.013942
0.014060
0.014178
0.014297
0.014418
0.014539
0.014661
0.014784
0.014908
0.015033
0.015159
0.015286
0.015414
0.015543
0.015673
0.015804
0.015936
0.016069
0.016203
0.016338
0.016474
0.016612
0.016750
0.016889
0.017030
0.017171
0.017314
0.017458
0.017603
0.017749
0.017896
0.018044
0.018194
0.018344
0.018496
0.018649
0.018803
0.018958
0.019115
0.019273
0.019432
0.019592
0.019753
0.019916
0.020080
0.020245
0.020412
0.020579
0.020748
0.020919
0.021091
0.021264
0.021438
0.021614
0.021791
0.021969
0.022149
0.022330
0.022513
0.022697
0.022882
0.023069
0.023257
0.023447
0.023638
0.023830
0.024025
0.024220
0.024417
0.024616
0.024816
0.025017
0.025221
0.025425
0.025632
0.025840
0.026049
0.026260
0.026473
0.026687
0.026903
0.027121
0.027340
0.027561
0.027783
0.028008
0.028234
0.028461
0.028691
0.028922
0.029155
0.029390
0.029626
0.029865
0.030105
0.030347
0.030591
0.030836
0.031084
0.031333
0.031584
0.031837
0.032093
0.032350
0.032609
0.032869
0.033132
0.033397
0.033664
0.033933
0.034204
0.034477
0.034752
0.035029
0.035308
0.035590
0.035873
0.036159
0.036446
0.036736
0.037028
0.037322
0.037619
0.037917
0.038218
0.038522
0.038827
0.039135
0.039445
0.039757
0.040072
0.040389
0.040708
0.041030
0.041355
0.041681
0.042010
0.042342
0.042676
0.043013
0.043352
0.043693
0.044037
0.044384
0.044733
0.045085
0.045440
0.045797
0.046157
0.046519
0.046884
0.047252
0.047623
0.047996
0.048372
0.048751
0.049133
0.049517
0.049905
0.050295
0.050688
0.051084
0.051483
0.051885
0.052290
0.052698
0.053109
0.053523
0.053940
0.054360
0.054783
0.055209
0.055639
0.056071
0.056507
0.056946
0.057388
0.057834
0.058282
0.058734
0.059189
0.059648
0.060110
0.060575
0.061044
0.061516
0.061992
0.062471
0.062954
0.063440
0.063930
0.064423
0.064920
0.065420
0.065924
0.066432
0.066944
0.067459
0.067978
0.068501
0.069027
0.069557
0.070092
0.070630
0.071172
0.071718
0.072267
0.072821
0.073379
0.073941
0.074507
0.075077
0.075651
0.076229
0.076811
0.077398
0.077989
0.078584
0.079183
0.079787
0.080394
0.081007
0.081623
0.082245
0.082870
0.083500
0.084135
0.084774
0.085417
0.086066
0.086719
0.087376
0.088038
0.088705
0.089377
0.090053
0.090734
0.091420
0.092111
0.092807
0.093508
0.094214
0.094924
0.095640
0.096361
0.097087
0.097818
0.098554
0.099296
0.100042
0.100794
0.101551
0.102313
0.103081
0.103854
0.104633
0.105417
0.106207
0.107002
0.107802
0.108609
0.109420
0.110238
0.111061
0.111890
0.112725
0.113565
0.114412
0.115264
0.116122
0.116986
0.117856
0.118732
0.119614
0.120503
0.121397
0.122297
0.123204
0.124117
0.125036
0.125962
0.126894
0.127832
0.128777
0.129728
0.130686
0.131650
0.132621
0.133598
0.134582
0.135573
0.136570
0.137575
0.138586
0.139604
0.140629
0.141660
0.142699
0.143745
0.144798
0.145858
0.146925
0.147999
0.149080
0.150169
0.151265
0.152368
0.153479
0.154597
0.155722
0.156856
0.157996
0.159144
0.160300
0.161464
0.162635
0.163814
0.165000
0.166195
0.167397
0.168608
0.169826
0.171052
0.172287
0.173529
0.174780
0.176038
0.177305
0.178581
0.179864
0.181156
0.182456
0.183765
0.185082
0.186408
0.187742
0.189085
0.190436
0.191796
0.193165
0.194543
0.195929
0.197324
0.198729
0.200142
0.201564
0.202995
0.204435
0.205885
0.207343
0.208811
0.210288
0.211774
0.213270
0.214775
0.216289
0.217813
0.219346
0.220889
0.222441
0.224003
0.225575
0.227157
0.228748
0.230349
0.231960
0.233580
0.235211
0.236852
0.238502
0.240163
0.241834
0.243515
0.245206
0.246907
0.248618
0.250340
0.252072
0.253815
0.255568
0.257331
0.259105
0.260889
0.262684
0.264490
0.266306
0.268133
0.269970
0.271818
0.273677
0.275547
0.277428
0.279320
0.281222
0.283136
0.285061
0.286996
0.288943
0.290901
0.292870
0.294850
0.296841
0.298844
0.300857
0.302883
0.304919
0.306967
0.309026
0.311097
0.313179
0.315272
0.317377
0.319494
0.321622
0.323762
0.325913
0.328076
0.330251
0.332437
0.334635
0.336845
0.339066
0.341299
0.343544
0.345801
0.348070
0.350350
0.352643
0.354947
0.357263
0.359591
0.361931
0.364283
0.366647
0.369023
0.371410
0.373810
0.376222
0.378645
0.381081
0.383529
0.385988
0.388460
0.390944
0.393439
0.395947
0.398467
0.400999
0.403542
0.406098
0.408666
0.411245
0.413837
0.416441
0.419056
0.421684
0.424323
0.426974
0.429638
0.432313
0.435000
0.437699
0.440409
0.443132
0.445866
0.448612
0.451369
0.454139
0.456919
0.459712
0.462516
0.465332
0.468159
0.470998
0.473848
0.476709
0.479582
0.482466
0.485361
0.488267
0.491185
0.494113
0.497053
0.500004
0.502965
0.505937
0.508920
0.511914
0.514918
0.517933
0.520958
0.523994
0.527040
0.530096
0.533163
0.536239
0.539326
0.542422
0.545528
0.548644
0.551769
0.554904
0.558048
0.561201
0.564364
0.567535
0.570716
0.573905
0.577103
0.580309
0.583524
0.586747
0.589979
0.593218
0.596465
0.599720
0.602983
0.606253
0.609530
0.612815
0.616106
0.619404
0.622709
0.626020
0.629338
0.632661
0.635991
0.639326
0.642667
0.646014
0.649365
0.652721
0.656082
0.659448
0.662818
0.666192
0.669570
0.672952
0.676337
0.679726
0.683117
0.686511
0.689908
0.693307
0.696708
0.700110
0.703514
0.706920
0.710326
0.713733
0.717140
0.720548
0.723955
0.727362
0.730768
0.734172
0.737576
0.740978
0.744378
0.747775
0.751170
0.754562
0.757950
0.761335
0.764716
0.768092
0.771464
0.774830
0.778192
0.781547
0.784896
0.788238
0.791574
0.794902
0.798222
0.801534
0.804838
0.808133
0.811418
0.814693
0.817958
0.821212
0.824455
0.827687
0.830906
0.834113
0.837307
0.840487
0.843654
0.846806
0.849943
0.853065
0.856171
0.859260
0.862333
0.865388
0.868425
0.871444
0.874444
0.877424
0.880384
0.883323
0.886242
0.889138
0.892012
0.894863
0.897691
0.900495
0.903274
0.906028
0.908756
0.911457
0.914132
0.916779
0.919397
0.921987
0.924547
0.927077
0.929576
0.932044
0.934479
0.936882
0.939251
0.941586
0.943886
0.946151
0.948380
0.950572
0.952726
0.954842
0.956920
0.958957
0.960954
0.962911
0.964825
0.966697
0.968526
0.970311
0.972051
0.973746
0.975394
0.976996
0.978550
0.980056
0.981513
0.982920
0.984276
0.985581
0.986833
0.988033
0.989179
0.990271
0.991307
0.992288
0.993212
0.994078
0.994886
0.995635
0.996324
0.996953
0.997520
0.998025
0.998467
0.998846
0.999160
0.999409
0.999592
0.999708
0.999757
0.999737
0.999649
0.999491
0.999262
0.998962
0.998590
0.998145
0.997627
0.997035
0.996368
0.995625
0.994806
0.993910
0.992936
0.991884
0.990752
0.989541
0.988250
0.986877
0.985423
0.983886
0.982267
0.980563
0.978776
0.976904
0.974946
0.972902
0.970772
0.968555
0.966250
0.963857
0.961376
0.958805
0.956145
0.953395
0.950554
0.947622
0.944600
0.941485
0.938279
0.934980
0.931588
0.928103
0.924526
0.920854
0.917089
0.913230
0.909276
0.905229
0.901086
0.896850
0.892518
0.888092
0.883570
0.878954
0.874244
0.869438
0.864538
0.859543
0.854454
0.849271
0.843994
0.838622
0.833158
0.827600
0.821949
0.816206
0.810371
0.804444
0.798426
0.792318
0.786119
0.779831
0.773455
0.766990
0.760438
0.753799
0.747075
0.740266
0.733373
0.726398
0.719340
0.712201
0.704982
0.697685
0.690311
0.682860
0.675334
0.667735
0.660063
0.652321
0.644509
0.636630
0.628685
0.620675
0.612602
0.604469
0.596276
0.588027
0.579722
0.571363
0.562953
0.554495
0.545989
0.537438
0.528845
0.520211
0.511540
0.502833
0.494094
0.485324
0.476526
0.467704
0.458859
0.449995
0.441114
0.432220
0.423314
0.414402
0.405484
0.396565
0.387648
0.378736
0.369833
0.360941
0.352064
0.343206
0.334370
0.325560
0.316779
0.308031
0.299321
0.290651
0.282025
0.273448
0.264923
0.256455
0.248047
0.239704
0.231429
0.223227
0.215102
0.207058
0.199100
0.191231
0.183457
0.175781
0.168208
0.160743
0.153389
0.146152
0.139035
0.132044
0.125183
0.118456
0.111868
0.105424
0.099128
0.092984
0.086998
0.081174
0.075516
0.070029
0.064718
0.059587
0.054640
0.049882
0.045318
0.040952
0.036788
0.032830
0.029084
0.025553
0.022241
0.019153
0.016293
0.013664
0.011271
0.009118
0.007208
0.005545
0.004133
0.002975
0.002075
0.001437
0.001063
0.000956
0.001120
0.001557
0.002271
0.003264
0.004538
0.006096
0.007940
0.010072
0.012494
0.015208
0.018215
0.021517
0.025115
0.029009
0.033202
0.037693
0.042483
0.047572
0.052960
0.058647
0.064633
0.070916
0.077497
0.084373
0.091544
0.099008
0.106762
0.114806
0.123136
0.131750
0.140645
0.149818
0.159265
0.168982
0.178966
0.189212
0.199715
0.210471
0.221474
0.232719
0.244200
0.255911
0.267845
0.279996
0.292356
0.304919
0.317676
0.330620
0.343742
0.357034
0.370486
0.384090
0.397836
0.411714
0.425714
0.439825
0.454038
0.468340
0.482721
0.497168
0.511671
0.526217
0.540793
0.555387
0.569986
0.584577
0.599147
0.613681
0.628166
0.642589
0.656934
0.671188
0.685336
0.699363
0.713254
0.726994
0.740569
0.753963
0.767161
0.780146
0.792905
0.805422
0.817680
0.829665
0.841362
0.852754
0.863826
0.874564
0.884952
0.894975
0.904617
0.913866
0.922705
0.931121
0.939100
0.946627
0.953690
0.960275
0.966369
0.971960
0.977036
0.981585
0.985597
0.989059
0.991963
0.994298
0.996055
0.997226
0.997803
0.997779
0.997147
0.995900
0.994035
0.991546
0.988429
0.984682
0.980303
0.975291
0.969645
0.963365
0.956453
0.948912
0.940745
0.931955
0.922549
0.912533
0.901913
0.890698
0.878899
0.866524
0.853585
0.840096
0.826070
0.811521
0.796465
0.780920
0.764903
0.748433
0.731531
0.714218
0.696516
0.678448
0.660040
0.641315
0.622302
0.603026
0.583517
0.563803
0.543915
0.523885
0.503742
0.483521
0.463255
0.442977
0.422722
0.402526
0.382424
0.362453
0.342649
0.323050
0.303692
0.284614
0.265853
0.247448
0.229435
0.211853
0.194740
0.178132
0.162068
0.146583
0.131715
0.117498
0.103967
0.091158
0.079102
0.067834
0.057383
0.047780
0.039055
0.031234
0.024345
0.018410
0.013455
0.009499
0.006562
0.004662
0.003814
0.004032
0.005328
0.007709
0.011182
0.015752
0.021421
0.028188
0.036049
0.044998
0.055026
0.066121
0.078270
0.091454
0.105654
0.120846
0.137005
0.154101
0.172102
0.190974
0.210678
0.231175
0.252421
0.274369
0.296972
0.320176
0.343929
0.368174
0.392851
0.417899
0.443256
0.468855
0.494629
0.520509
0.546424
0.572304
0.598073
0.623658
0.648984
0.673975
0.698556
0.722649
0.746178
0.769068
0.791244
0.812630
0.833154
0.852744
0.871328
0.888838
0.905209
0.920376
0.934278
0.946857
0.958058
0.967829
0.976124
0.982899
0.988114
0.991736
0.993734
0.994085
0.992769
0.989772
0.985087
0.978710
0.970647
0.960906
0.949505
0.936466
0.921819
0.905598
0.887846
0.868611
0.847950
0.825924
0.802601
0.778055
0.752367
0.725623
0.697917
0.669345
0.640011
0.610022
0.579493
0.548539
0.517281
0.485845
0.454357
0.422947
0.391749
0.360894
0.330518
0.300755
0.271741
0.243609
0.216492
0.190520
0.165819
0.142516
0.120728
0.100572
0.082158
0.065588
0.050959
0.038361
0.027876
0.019575
0.013522
0.009770
0.008363
0.009332
0.012700
0.018475
0.026655
0.037225
0.050157
0.065411
0.082934
0.102660
0.124511
0.148395
0.174208
0.201833
0.231143
0.261996
0.294243
0.327721
0.362259
0.397677
0.433786
0.470389
0.507284
0.544264
0.581114
0.617621
0.653567
0.688734
0.722904
0.755862
0.787398
0.817303
0.845378
0.871429
0.895274
0.916738
0.935663
0.951899
0.965315
0.975793
0.983234
0.987556
0.988698
0.986618
0.981294
0.972728
0.960942
0.945983
0.927920
0.906843
0.882868
0.856131
0.826794
0.795036
0.761060
0.725089
0.687363
0.648140
0.607695
0.566315
0.524303
0.481968
0.439630
0.397614
0.356249
0.315863
0.276784
0.239335
0.203832
0.170580
0.139872
0.111986
0.087181
0.065693
0.047739
0.033505
0.023152
0.016810
0.014576
0.016512
0.022647
0.032972
0.047440
0.065967
0.088430
0.114668
0.144484
0.177642
0.213871
0.252869
0.294299
0.337797
0.382972
0.429408
0.476672
0.524313
0.571870
0.618872
0.664848
0.709327
0.751844
0.791947
0.829201
0.863192
0.893532
0.919866
0.941874
0.959277
0.971840
0.979376
0.981752
0.978885
0.970753
0.957389
0.938889
0.915405
0.887152
0.854401
0.817481
0.776777
0.732724
0.685804
0.636543
0.585503
0.533280
0.480493
0.427781
0.375791
0.325175
0.276578
0.230632
0.187946
0.149099
0.114628
0.085028
0.060733
0.042118
0.029490
0.023078
0.023035
0.029426
0.042233
0.061347
0.086569
0.117611
0.154100
0.195577
0.241502
0.291265
0.344185
0.399527
0.456503
0.514291
0.572037
0.628877
0.683944
0.736381
0.785357
0.830082
0.869816
0.903884
0.931691
0.952730
0.966594
0.972985
0.971723
0.962748
0.946129
0.922064
0.890879
0.853025
0.809076
0.759723
0.705759
0.648075
0.587640
0.525491
0.462714
0.400424
0.339749
0.281805
0.227680
0.178409
0.134957
0.098193
0.068880
0.047648
0.034986
0.031225
0.036529
0.050885
0.074105
0.105818
0.145477
0.192366
0.245608
0.304180
0.366934
0.432610
0.499869
0.567312
0.633514
0.697050
0.756527
0.810617
0.858087
0.897825
0.928876
0.950459
0.961994
0.963119
0.953705
0.933860
0.903940
0.864540
0.816491
0.760842
0.698841
0.631915
0.561630
0.489666
0.417771
0.347722
0.281282
0.220152
0.165931
0.120067
0.083818
0.058218
0.044036
0.041759
0.051565
0.073311
0.106534
0.150451
0.203971
0.265725
0.334089
0.407227
0.483139
0.559709
0.634768
0.706153
0.771767
0.829648
0.878026
0.915382
0.940498
0.952502
0.950906
0.935624
0.906992
0.865761
0.813088
0.750511
0.679904
0.603431
0.523479
0.442591
0.363381
0.288456
0.220323
0.161308
0.113471
0.078531
0.057796
0.052110
0.061815
0.086721
0.126104
0.178718
0.242823
0.316241
0.396420
0.480520
0.565508
0.648267
0.725710
0.794898
0.853151
0.898159
0.928081
0.941623
0.938106
0.917507
0.880473
0.828317
0.762975
0.686947
0.603210
0.515104
0.426207
0.340187
0.260657
0.191016
0.134300
0.093046
0.069168
0.063861
0.077527
0.109742
0.159256
0.224023
0.301279
0.387650
0.479286
0.572037
0.661627
0.743859
0.814810
0.871027
0.909702
0.928819
0.927279
0.904967
0.862788
0.802643
0.727358
0.640567
0.546545
0.450004
0.355865
0.269006
0.194004
0.134893
0.094931
0.076414
0.080524
0.107242
0.155320
0.222318
0.304713
0.398066
0.497257
0.596747
0.690894
0.774267
0.841970
0.889937
0.915190
0.916043
0.892230
0.844959
0.776868
0.691904
0.595110
0.492338
0.389907
0.294216
0.211342
0.146648
0.104422
0.087572
0.097410
0.133523
0.193764
0.274349
0.370078
0.474647
0.581052
0.682051
0.770660
0.840641
0.886957
0.906154
0.896644
0.858862
0.795283
0.710288
0.609889
0.501327
0.392559
0.291686
0.206343
0.143110
0.106985
0.100966
0.125766
0.179711
0.258812
0.357027
0.466699
0.579132
0.685267
0.776421
0.845001
0.885162
0.893332
0.868566
0.812688
0.730195
0.627936
0.514573
0.399867
0.293850
0.205940
0.144092
0.114049
0.118774
0.158114
0.228745
0.324408
0.436420
0.554435
0.667383
0.764505
0.836393
0.875927
0.879016
0.845076
0.777157
0.681732
0.568118
0.447609
0.332367
0.234201
0.163340
0.127338
0.130220
0.171981
0.248494
0.351859
0.471170
0.593628
0.705899
0.795570
0.852546
0.870226
0.846329
0.783249
0.687883
0.570938
0.445781
0.326932
0.228389
0.161951
0.135768
0.153277
0.212684
0.307064
0.425096
0.552373
0.673122
0.772159
0.836820
0.858633
0.834492
0.767183
0.665149
0.541506
0.412413
0.294991
0.205043
0.154895
0.151643
0.196062
0.282364
0.398858
0.529460
0.655863
0.760095
0.827099
0.846964
0.816482
0.739762
0.627779
0.496902
0.366551
0.256349
0.183138
0.158349
0.186123
0.262513
0.375922
0.508769
0.640144
0.749077
0.817913
0.835240
0.797893
0.711643
0.590440
0.454254
0.325852
0.227000
0.174733
0.178322
0.237510
0.342351
0.474751
0.611494
0.728273
0.804025
0.824807
0.786489
0.695718
0.568915
0.429427
0.303297
0.214402
0.179868
0.206644
0.289948
0.413954
0.554652
0.684421
0.777435
0.814871
0.788849
0.704262
0.578040
0.435911
0.307249
0.219006
0.189989
0.226702
0.321699
0.454902
0.597691
0.718972
0.791968
0.800240
0.741563
0.628725
0.486935
0.348332
0.244746
0.200325
0.225753
0.315465
0.448633
0.593814
0.716273
0.786316
0.786613
0.716700
0.593434
0.447156
0.314357
0.228599
0.211924
0.268977
0.385459
0.531463
0.668975
0.761737
0.784903
0.731909
0.616607
0.469918
0.331723
0.240073
0.220599
0.279115
0.399586
0.548237
0.682834
0.764653
0.769755
0.696260
0.565329
0.415366
0.290919
0.229432
0.249793
0.346221
0.489553
0.635789
0.739490
0.767979
0.711900
0.588648
0.437323
0.306546
0.238858
0.256689
0.354581
0.500458
0.645829
0.741790
0.755594
0.682143
0.546271
0.394722
0.280264
0.243263
0.297165
0.423186
0.576440
0.701668
0.753164
0.711717
0.592210
0.438735
0.308623
0.251057
0.288230
0.406334
0.560207
0.690280
0.745598
0.704059
0.581719
0.427093
0.302242
0.257870
0.312423
0.443898
0.598201
0.711110
0.735054
0.659543
0.516325
0.366545
0.274868
0.281408
0.383693
0.536974
0.673342
0.731700
0.685440
0.555153
0.400074
0.291506
0.279968
0.371218
0.522732
0.662974
0.725009
0.678744
0.546160
0.391538
0.290665
0.293585
0.399219
0.554995
0.682467
0.716741
0.639943
0.491275
0.347669
0.284225
0.334623
0.472529
0.624599
0.709104
0.680055
0.552917
0.397192
0.298915
0.313010
0.431935
0.588852
0.694624
0.688502
0.573667
0.416487
0.308778
0.314140
0.429737
0.586846
0.691081
0.679142
0.557970
0.401681
0.306851
0.332729
0.463424
0.616679
0.695077
0.648197
0.505930
0.360416
0.306812
0.380665
0.533336
0.663085
0.682608
0.578404
0.421203
0.318794
0.342108
0.475225
0.625109
0.686017
0.614451
0.461311
0.336750
0.331206
0.448999
0.603760
0.680945
0.622820
0.472741
0.343985
0.334621
0.452075
0.605953
0.676744
0.608890
0.455577
0.338258
0.350705
0.483152
0.628580
0.668453
0.569853
0.414023
0.330529
0.389441
0.541307
0.657307
0.638199
0.500219
0.362774
0.345802
0.464394
0.613848
0.661115
0.563674
0.409284
0.338175
0.415515
0.570251
0.658985
0.598794
0.446080
0.345245
0.392406
0.542489
0.650694
0.611802
0.463731
0.352245
0.387940
0.535305
0.646321
0.608634
0.460520
0.353771
0.398602
0.548526
0.646782
0.589878
0.438051
0.353260
0.426614
0.578863
0.644322
0.551242
0.402234
0.362712
0.476867
0.616313
0.623153
0.489579
0.368831
0.400355
0.547502
0.638094
0.565444
0.415699
0.367550
0.478802
0.614923
0.610280
0.470612
0.368134
0.429970
0.578823
0.627562
0.514593
0.383847
0.402874
0.547027
0.629097
0.541921
0.400263
0.391623
0.527378
0.625431
0.553559
0.409519
