-0.007109 0.012735 0.359200 0.012735 4.000000 0.000618 -4.000000 -23.000000 0.012735
-0.010509 0.031345 0.361472 0.028367 1.000000 -0.000309 -1.000000 -34.000000 0.031345
0.000927 0.050795 0.366015 0.043585 26.000000 0.005254 84.000000 3.000000 0.050795
0.016381 0.068986 0.373803 0.057512 174.000000 0.025963 165.000000 53.000000 0.068986
0.043271 0.082900 0.382889 0.067624 188.000000 0.045744 153.000000 140.000000 0.082900
0.074797 0.090860 0.392624 0.072922 136.000000 0.063361 106.000000 242.000000 0.090860
0.082524 0.097869 0.398465 0.078751 81.000000 0.075106 70.000000 267.000000 0.097869
0.075416 0.108444 0.400087 0.088411 -15.000000 0.076961 25.000000 244.000000 0.108444
0.083143 0.120299 0.402683 0.098563 18.000000 0.090870 31.000000 269.000000 0.120299
0.088397 0.133427 0.409173 0.109758 131.000000 0.088088 110.000000 286.000000 0.133427
0.111887 0.143745 0.414690 0.117924 139.000000 0.117141 166.000000 362.000000 0.143745
0.131050 0.151294 0.422802 0.124053 114.000000 0.127032 76.000000 424.000000 0.151294
0.136304 0.159228 0.422802 0.131259 -5.000000 0.128577 3.000000 441.000000 0.159228
0.132904 0.170219 0.428319 0.141461 27.000000 0.130432 40.000000 430.000000 0.170219
0.142486 0.181958 0.431239 0.151741 52.000000 0.136922 70.000000 461.000000 0.181958
0.150213 0.194305 0.436431 0.162515 63.000000 0.148667 75.000000 486.000000 0.194305
0.160722 0.206601 0.442272 0.173161 58.000000 0.163194 68.000000 520.000000 0.206601
0.166285 0.219801 0.446815 0.184787 70.000000 0.169376 61.000000 538.000000 0.219801
0.175867 0.233221 0.454279 0.196490 103.000000 0.182357 63.000000 569.000000 0.233221
0.171539 0.249806 0.460769 0.211376 41.000000 0.188848 49.000000 555.000000 0.249806
0.195029 0.264001 0.466610 0.223220 123.000000 0.200284 100.000000 631.000000 0.264001
0.237064 0.270410 0.473100 0.227915 179.000000 0.216974 150.000000 767.000000 0.270410
0.252209 0.273886 0.478616 0.231510 142.000000 0.237683 105.000000 816.000000 0.273886
0.254682 0.278426 0.483808 0.236830 0.000000 0.246646 -24.000000 824.000000 0.278426
0.243246 0.288040 0.485431 0.246954 -23.000000 0.234592 -42.000000 787.000000 0.288040
0.247882 0.300002 0.487378 0.258260 44.000000 0.237683 76.000000 802.000000 0.300002
0.268591 0.310060 0.493543 0.267158 123.000000 0.251591 142.000000 869.000000 0.310060
0.292699 0.316496 0.498735 0.272911 102.000000 0.272918 93.000000 947.000000 0.316496
0.288063 0.325376 0.503278 0.281951 48.000000 0.279717 42.000000 932.000000 0.325376
0.292699 0.336001 0.506848 0.292183 34.000000 0.288990 51.000000 947.000000 0.336001
0.297644 0.348118 0.510093 0.303529 27.000000 0.290535 31.000000 963.000000 0.348118
0.302589 0.361648 0.516907 0.315985 36.000000 0.290535 58.000000 979.000000 0.361648
0.309389 0.376141 0.522099 0.329132 97.000000 0.305680 122.000000 1001.000000 0.376141
0.338752 0.386455 0.529239 0.337938 122.000000 0.329479 107.000000 1096.000000 0.386455
0.351424 0.395190 0.535404 0.346160 77.000000 0.335352 39.000000 1137.000000 0.395190
0.352351 0.405588 0.538325 0.356420 44.000000 0.342770 -21.000000 1140.000000 0.405588
0.350806 0.418921 0.545464 0.369252 86.000000 0.335043 22.000000 1135.000000 0.418921
0.365333 0.431856 0.550331 0.381053 56.000000 0.350806 113.000000 1182.000000 0.431856
0.394077 0.440466 0.555848 0.388664 188.000000 0.375223 166.000000 1275.000000 0.440466
0.407986 0.447226 0.562338 0.395427 66.000000 0.389750 78.000000 1320.000000 0.447226
0.417567 0.453690 0.566881 0.402306 19.000000 0.394695 33.000000 1351.000000 0.453690
0.417258 0.462420 0.571424 0.411504 53.000000 0.403658 -6.000000 1350.000000 0.462420
0.429312 0.471209 0.573695 0.420242 50.000000 0.405513 72.000000 1389.000000 0.471209
0.434566 0.481067 0.579212 0.430040 57.000000 0.419112 120.000000 1406.000000 0.481067
0.444148 0.491245 0.582132 0.439925 78.000000 0.430548 103.000000 1437.000000 0.491245
0.454348 0.501430 0.586351 0.449760 24.000000 0.439512 71.000000 1470.000000 0.501430
0.467020 0.511001 0.592516 0.458996 49.000000 0.452802 66.000000 1511.000000 0.511001
0.468256 0.522376 0.597708 0.470187 73.000000 0.458675 33.000000 1515.000000 0.522376
0.478147 0.534151 0.604523 0.481389 61.000000 0.463929 64.000000 1547.000000 0.534151
0.483401 0.547036 0.608092 0.493638 54.000000 0.481238 84.000000 1564.000000 0.547036
0.484947 0.562007 0.612960 0.507757 64.000000 0.488346 87.000000 1569.000000 0.562007
0.516782 0.572502 0.620099 0.516980 72.000000 0.496692 42.000000 1672.000000 0.572502
0.524200 0.582556 0.627562 0.526793 109.000000 0.511527 72.000000 1696.000000 0.582556
0.548926 0.589225 0.635675 0.533329 67.000000 0.526981 77.000000 1776.000000 0.589225
0.555108 0.596028 0.638271 0.540745 73.000000 0.535017 36.000000 1796.000000 0.596028
0.564998 0.602924 0.642489 0.548202 8.000000 0.539345 22.000000 1828.000000 0.602924
0.569016 0.611207 0.644112 0.557008 25.000000 0.541199 20.000000 1841.000000 0.611207
0.578289 0.619973 0.649304 0.565976 69.000000 0.549235 85.000000 1871.000000 0.619973
0.589416 0.628598 0.654171 0.574694 61.000000 0.566544 85.000000 1907.000000 0.628598
0.598997 0.637290 0.658390 0.583506 24.000000 0.581070 65.000000 1938.000000 0.637290
0.612287 0.645265 0.661635 0.591585 43.000000 0.592815 53.000000 1981.000000 0.645265
0.609815 0.655873 0.664555 0.602451 61.000000 0.599924 58.000000 1973.000000 0.655873
0.611978 0.668792 0.670721 0.615050 39.000000 0.590652 40.000000 1980.000000 0.668792
0.624033 0.681712 0.675588 0.627166 51.000000 0.614142 132.000000 2019.000000 0.681712
0.641959 0.692814 0.682403 0.637497 137.000000 0.626196 111.000000 2077.000000 0.692814
0.649068 0.704136 0.688893 0.648473 39.000000 0.647523 76.000000 2100.000000 0.704136
0.661740 0.714888 0.693111 0.658848 101.000000 0.649686 11.000000 2141.000000 0.714888
0.670085 0.725869 0.698303 0.669592 84.000000 0.657413 83.000000 2168.000000 0.725869
0.684921 0.735807 0.705767 0.679255 176.000000 0.668849 127.000000 2216.000000 0.735807
0.705939 0.743057 0.711933 0.686467 178.000000 0.689557 136.000000 2284.000000 0.743057
0.732520 0.746052 0.716800 0.690004 49.000000 0.694503 41.000000 2370.000000 0.746052
0.727574 0.751533 0.719396 0.696917 36.000000 0.718611 11.000000 2354.000000 0.751533
0.725102 0.760391 0.722317 0.706624 15.000000 0.696975 -7.000000 2346.000000 0.760391
0.733756 0.770291 0.726211 0.716620 76.000000 0.701303 52.000000 2374.000000 0.770291
0.738083 0.781668 0.728807 0.727871 77.000000 0.717684 138.000000 2388.000000 0.781668
0.758791 0.790948 0.736919 0.736716 63.000000 0.734065 145.000000 2455.000000 0.790948
0.769300 0.799651 0.740813 0.745450 58.000000 0.754464 68.000000 2489.000000 0.799651
0.775173 0.809154 0.745032 0.755108 47.000000 0.758173 -13.000000 2508.000000 0.809154
0.775482 0.820988 0.749899 0.766923 48.000000 0.760646 43.000000 2509.000000 0.820988
0.782900 0.833870 0.754767 0.779295 80.000000 0.773009 89.000000 2533.000000 0.833870
0.802681 0.844750 0.762230 0.789467 125.000000 0.790008 115.000000 2597.000000 0.844750
0.817208 0.854169 0.768071 0.798630 46.000000 0.802990 92.000000 2644.000000 0.854169
0.823698 0.864056 0.773588 0.808583 45.000000 0.811026 51.000000 2665.000000 0.864056
0.828643 0.875169 0.778455 0.819663 63.000000 0.813808 32.000000 2681.000000 0.875169
0.833898 0.887587 0.783647 0.831794 38.000000 0.824316 46.000000 2698.000000 0.887587
0.858624 0.896969 0.790137 0.840627 187.000000 0.836061 114.000000 2778.000000 0.896969
0.878714 0.903450 0.795978 0.847223 156.000000 0.855533 118.000000 2843.000000 0.903450
0.900350 0.906757 0.799872 0.851250 72.000000 0.872842 47.000000 2913.000000 0.906757
0.896641 0.912520 0.804415 0.858373 35.000000 0.870987 -19.000000 2901.000000 0.912520
0.892932 0.921915 0.806687 0.868564 14.000000 0.869133 35.000000 2889.000000 0.921915
0.907768 0.931006 0.810256 0.877662 39.000000 0.880260 116.000000 2937.000000 0.931006
0.917040 0.940191 0.814150 0.886918 71.000000 0.897259 138.000000 2967.000000 0.940191
0.929404 0.948864 0.819018 0.895644 121.000000 0.909932 98.000000 3007.000000 0.948864
0.937131 0.957938 0.824859 0.904877 26.000000 0.916731 41.000000 3032.000000 0.957938
0.935585 0.969670 0.830051 0.916681 -6.000000 0.917659 11.000000 3027.000000 0.969670
0.945785 0.981891 0.833945 0.928420 71.000000 0.927549 28.000000 3060.000000 0.981891
0.954439 0.994475 0.840435 0.940442 82.000000 0.943003 98.000000 3088.000000 0.994475
0.973911 1.004982 0.845951 0.950337 154.000000 0.958766 94.000000 3151.000000 1.004982
0.981329 1.015610 0.851468 0.960811 123.000000 0.964330 92.000000 3175.000000 1.015610
1.002346 1.023797 0.859256 0.968825 73.000000 0.978547 54.000000 3243.000000 1.023797
1.007910 1.010176 0.862825 0.955546 82.000000 0.982565 51.000000 3261.000000 1.010176
1.026146 0.985430 0.868017 0.936135 112.000000 0.992147 78.000000 3320.000000 0.985430
1.029236 0.955455 0.861203 0.913983 -69.000000 0.993074 -92.000000 3330.000000 0.955455
0.982256 0.932949 0.850819 0.900241 -340.000000 0.963402 -250.000000 3178.000000 0.932949
0.946403 0.918433 0.839137 0.892336 -216.000000 0.930949 -246.000000 3062.000000 0.918433
0.926622 0.908288 0.826806 0.886627 -111.000000 0.899114 -116.000000 2998.000000 0.908288
0.923531 0.897814 0.823236 0.879375 10.000000 0.898186 14.000000 2988.000000 0.897814
0.924767 0.884889 0.817395 0.869625 -44.000000 0.895096 -35.000000 2992.000000 0.884889
0.919513 0.870472 0.813501 0.858843 -64.000000 0.896950 -61.000000 2975.000000 0.870472
0.903750 0.857156 0.807985 0.849373 -159.000000 0.875933 -216.000000 2924.000000 0.857156
0.882423 0.846790 0.800846 0.842441 -169.000000 0.843788 -202.000000 2855.000000 0.846790
0.851515 0.841909 0.795005 0.840164 -140.000000 0.825244 -64.000000 2755.000000 0.841909
0.862951 0.833598 0.790786 0.833067 79.000000 0.831734 117.000000 2792.000000 0.833598
0.876551 0.819268 0.788515 0.820710 60.000000 0.840389 36.000000 2836.000000 0.819268
0.855843 0.806030 0.785270 0.810781 -191.000000 0.830807 -167.000000 2769.000000 0.806030
0.819062 0.799167 0.778455 0.806838 -308.000000 0.801135 -225.000000 2650.000000 0.799167
0.802063 0.795435 0.772939 0.804425 -60.000000 0.785681 -83.000000 2595.000000 0.795435
0.801135 0.790425 0.770018 0.799953 20.000000 0.784136 53.000000 2592.000000 0.790425
0.809171 0.781102 0.766124 0.791444 41.000000 0.794027 33.000000 2618.000000 0.781102
0.808862 0.768662 0.764502 0.780792 -92.000000 0.787845 -99.000000 2617.000000 0.768662
0.794954 0.756472 0.759634 0.771040 -102.000000 0.776100 -99.000000 2572.000000 0.756472
0.781972 0.745117 0.753793 0.761971 -41.000000 0.759410 -107.000000 2530.000000 0.745117
0.770536 0.734377 0.748601 0.753231 -34.000000 0.742410 -85.000000 2493.000000 0.734377
0.763737 0.723149 0.743409 0.743782 1.000000 0.737156 -10.000000 2471.000000 0.723149
0.756937 0.711176 0.740164 0.733629 -54.000000 0.742101 -8.000000 2449.000000 0.711176
0.752919 0.697783 0.733999 0.722154 -101.000000 0.725720 -159.000000 2436.000000 0.697783
0.736847 0.685517 0.727509 0.712052 -164.000000 0.696357 -195.000000 2384.000000 0.685517
0.714593 0.676334 0.722641 0.704690 -78.000000 0.680285 -91.000000 2312.000000 0.676334
0.709030 0.666924 0.715502 0.696322 -4.000000 0.680285 26.000000 2294.000000 0.666924
0.704393 0.656302 0.712257 0.686754 -38.000000 0.675958 -34.000000 2279.000000 0.656302
0.689867 0.646464 0.708039 0.678200 -121.000000 0.663904 -88.000000 2232.000000 0.646464
0.668849 0.639309 0.703495 0.672100 -141.000000 0.649686 -53.000000 2164.000000 0.639309
0.653395 0.633999 0.697654 0.667195 -44.000000 0.640723 -30.000000 2114.000000 0.633999
0.652777 0.627006 0.693436 0.660173 -12.000000 0.641341 -10.000000 2112.000000 0.627006
0.652777 0.617399 0.692138 0.650916 -32.000000 0.638250 -39.000000 2112.000000 0.617399
0.641341 0.607550 0.688893 0.641992 -110.000000 0.629905 -74.000000 2075.000000 0.607550
0.632687 0.597393 0.686297 0.632774 -49.000000 0.623723 -94.000000 2047.000000 0.597393
0.624033 0.586914 0.679158 0.623264 -57.000000 0.607342 -60.000000 2019.000000 0.586914
0.618160 0.575492 0.674615 0.612843 -35.000000 0.605488 -8.000000 2000.000000 0.575492
0.620014 0.561271 0.668449 0.599791 -23.000000 0.602706 -38.000000 2006.000000 0.561271
0.605179 0.547585 0.664880 0.587847 -71.000000 0.577052 -192.000000 1958.000000 0.547585
0.586943 0.535943 0.659039 0.577756 -170.000000 0.565925 -141.000000 1899.000000 0.535943
0.570562 0.526243 0.650926 0.569088 -99.000000 0.538417 -84.000000 1846.000000 0.526243
0.569634 0.514981 0.645734 0.558386 -45.000000 0.533163 -34.000000 1843.000000 0.514981
0.564998 0.502211 0.639244 0.546494 -23.000000 0.532545 -33.000000 1828.000000 0.502211
0.544599 0.491480 0.634701 0.536935 -119.000000 0.530690 -71.000000 1762.000000 0.491480
0.528218 0.482664 0.629509 0.528792 -173.000000 0.507509 -157.000000 1709.000000 0.482664
0.491128 0.480323 0.623668 0.526676 -147.000000 0.494837 -80.000000 1589.000000 0.480323
0.490819 0.477193 0.619450 0.522343 4.000000 0.487419 12.000000 1588.000000 0.477193
0.506273 0.468142 0.615880 0.512306 57.000000 0.497928 44.000000 1638.000000 0.468142
0.500091 0.456928 0.615231 0.501435 -41.000000 0.496382 4.000000 1618.000000 0.456928
0.485874 0.446220 0.610039 0.491524 -97.000000 0.489892 -86.000000 1572.000000 0.446220
0.474129 0.436056 0.606145 0.482012 -145.000000 0.467020 -158.000000 1534.000000 0.436056
0.460529 0.426847 0.601927 0.473308 -57.000000 0.452493 -46.000000 1490.000000 0.426847
0.459911 0.415773 0.595112 0.462510 4.000000 0.458675 53.000000 1488.000000 0.415773
0.460838 0.401888 0.590894 0.449288 -7.000000 0.453729 -28.000000 1491.000000 0.401888
0.458675 0.385709 0.586026 0.434347 -97.000000 0.441984 -122.000000 1484.000000 0.385709
0.431785 0.372893 0.579212 0.423208 -127.000000 0.425912 -157.000000 1397.000000 0.372893
0.419112 0.361468 0.572073 0.412666 -99.000000 0.395004 -144.000000 1356.000000 0.361468
0.394695 0.353591 0.564934 0.405335 -78.000000 0.380477 -38.000000 1277.000000 0.353591
0.393150 0.344585 0.559742 0.396094 43.000000 0.383877 35.000000 1272.000000 0.344585
0.392841 0.333164 0.555523 0.384684 -52.000000 0.379550 -48.000000 1271.000000 0.333164
0.367496 0.324667 0.550331 0.376706 -214.000000 0.365023 -113.000000 1189.000000 0.324667
0.349260 0.318634 0.546762 0.370547 -181.000000 0.347715 -133.000000 1130.000000 0.318634
0.331643 0.314792 0.540921 0.366061 -49.000000 0.332879 5.000000 1073.000000 0.314792
0.335661 0.308231 0.538974 0.358416 33.000000 0.335970 41.000000 1086.000000 0.308231
0.345242 0.296687 0.536053 0.346399 1.000000 0.345242 25.000000 1117.000000 0.296687
0.330716 0.285115 0.531835 0.335420 -95.000000 0.335352 -106.000000 1070.000000 0.285115
0.314643 0.274934 0.528265 0.325810 -104.000000 0.318352 -105.000000 1018.000000 0.274934
0.311553 0.263533 0.522099 0.314661 -51.000000 0.304135 -61.000000 1008.000000 0.263533
0.302280 0.251742 0.515285 0.303364 -38.000000 0.292081 -21.000000 978.000000 0.251742
0.291772 0.240019 0.511066 0.292191 -12.000000 0.294553 -24.000000 944.000000 0.240019
0.284354 0.227770 0.504252 0.280451 -89.000000 0.287135 -96.000000 920.000000 0.227770
0.275699 0.215147 0.499060 0.268421 -123.000000 0.260864 -115.000000 892.000000 0.215147
0.257773 0.204254 0.492894 0.258170 -97.000000 0.252518 -83.000000 834.000000 0.204254
0.247882 0.193720 0.486729 0.247891 -89.000000 0.237064 -75.000000 802.000000 0.193720
0.241082 0.182558 0.481537 0.236894 -10.000000 0.230883 -47.000000 780.000000 0.182558
0.225010 0.172635 0.477318 0.227255 -12.000000 0.228719 -22.000000 728.000000 0.172635
0.213265 0.163364 0.472451 0.217997 -163.000000 0.206775 -123.000000 690.000000 0.163364
0.183284 0.158678 0.465312 0.213186 -104.000000 0.190084 -96.000000 593.000000 0.158678
0.176794 0.154105 0.461093 0.207554 -12.000000 0.178957 -27.000000 572.000000 0.154105
0.175248 0.147605 0.458822 0.200010 21.000000 0.186684 36.000000 567.000000 0.147605
0.182357 0.136854 0.458173 0.188644 -41.000000 0.181739 -30.000000 590.000000 0.136854
0.173703 0.124939 0.451358 0.177000 -85.000000 0.179885 -97.000000 562.000000 0.124939
0.157322 0.114246 0.447789 0.166799 -60.000000 0.159176 -87.000000 509.000000 0.114246
0.150213 0.103185 0.441299 0.155958 -49.000000 0.153304 -39.000000 486.000000 0.103185
0.144959 0.091015 0.436431 0.144068 -36.000000 0.140322 -14.000000 469.000000 0.091015
0.133832 0.078903 0.431564 0.132444 -95.000000 0.137232 -53.000000 433.000000 0.078903
0.131668 0.065090 0.423776 0.119083 -74.000000 0.123632 -97.000000 426.000000 0.065090
0.109723 0.053644 0.418908 0.108405 -105.000000 0.107251 -153.000000 355.000000 0.053644
0.088706 0.045162 0.412418 0.100182 -45.000000 0.087161 -102.000000 287.000000 0.045162
0.081906 0.036551 0.407551 0.091226 -84.000000 0.072943 -50.000000 265.000000 0.036551
0.077579 0.026630 0.402359 0.080994 -24.000000 0.070470 3.000000 251.000000 0.026630
0.071707 0.015521 0.396842 0.069842 -94.000000 0.065216 -40.000000 232.000000 0.015521
0.052853 0.006161 0.393273 0.060671 -214.000000 0.047907 -146.000000 171.000000 0.006161
0.024417 0.001261 0.387432 0.055603 -133.000000 0.033381 -119.000000 79.000000 0.001261
0.022254 -0.004546 0.382564 0.048751 12.000000 0.028126 -9.000000 72.000000 -0.004546
0.017308 -0.011713 0.382564 0.040756 8.000000 0.025963 19.000000 56.000000 -0.011713
0.019781 -0.021963 0.377697 0.029973 -25.000000 0.030290 -9.000000 64.000000 -0.021963
0.009891 -0.032844 0.373803 0.019183 -89.000000 0.014836 -79.000000 32.000000 -0.032844
0.005563 -0.022792 0.368286 0.029440 -88.000000 0.006491 -104.000000 18.000000 -0.022792
-0.005254 -0.003753 0.364392 0.044199 -46.000000 -0.003400 -78.000000 -17.000000 -0.003753
-0.008654 0.020062 0.368611 0.061800 84.000000 -0.002782 93.000000 -28.000000 0.020062
0.018545 0.040773 0.377048 0.075427 221.000000 0.025345 246.000000 60.000000 0.040773
0.060580 0.053261 0.387432 0.081828 239.000000 0.053162 197.000000 196.000000 0.053261
0.090251 0.059209 0.395544 0.083827 79.000000 0.066761 55.000000 292.000000 0.059209
0.080670 0.067880 0.400087 0.090212 -12.000000 0.063670 -44.000000 261.000000 0.067880
0.082833 0.078827 0.405928 0.098329 30.000000 0.067070 22.000000 268.000000 0.078827
0.096742 0.089296 0.407875 0.105549 43.000000 0.074797 37.000000 313.000000 0.089296
0.101996 0.100575 0.411120 0.113813 148.000000 0.092724 173.000000 330.000000 0.100575
0.118069 0.110553 0.418584 0.120705 100.000000 0.113432 147.000000 382.000000 0.110553
0.130432 0.119583 0.422478 0.127064 35.000000 0.123632 55.000000 422.000000 0.119583
0.134450 0.129627 0.428643 0.134757 -9.000000 0.121159 -45.000000 435.000000 0.129627
0.129814 0.143068 0.431888 0.145704 1.000000 0.127032 70.000000 420.000000 0.143068
0.143413 0.156358 0.436107 0.155817 84.000000 0.138468 90.000000 464.000000 0.156358
0.152995 0.169566 0.442597 0.166004 120.000000 0.157013 109.000000 495.000000 0.169566
0.171539 0.180716 0.447464 0.174269 69.000000 0.165976 44.000000 555.000000 0.180716
0.173703 0.193034 0.455252 0.184282 40.000000 0.178030 79.000000 562.000000 0.193034
0.177103 0.206989 0.460120 0.195756 48.000000 0.177721 68.000000 573.000000 0.206989
0.195648 0.219295 0.466934 0.205303 153.000000 0.188848 103.000000 633.000000 0.219295
0.224083 0.227006 0.471802 0.210738 207.000000 0.208629 106.000000 725.000000 0.227006
0.236755 0.233019 0.476345 0.215604 143.000000 0.217901 113.000000 766.000000 0.233019
0.242010 0.239687 0.481212 0.221554 24.000000 0.223156 15.000000 783.000000 0.239687
0.248809 0.247204 0.483808 0.228232 40.000000 0.219756 -7.000000 805.000000 0.247204
0.245719 0.257806 0.490298 0.237834 15.000000 0.235210 74.000000 795.000000 0.257806
0.260554 0.267970 0.490298 0.246342 50.000000 0.246337 99.000000 843.000000 0.267970
0.265500 0.279094 0.496464 0.255972 22.000000 0.255918 65.000000 859.000000 0.279094
0.279099 0.289561 0.499709 0.264786 66.000000 0.266427 79.000000 903.000000 0.289561
0.282499 0.301283 0.504576 0.275068 56.000000 0.279717 75.000000 914.000000 0.301283
0.298571 0.311863 0.512364 0.283983 78.000000 0.289299 89.000000 966.000000 0.311863
0.298262 0.324419 0.515285 0.295194 61.000000 0.298880 59.000000 965.000000 0.324419
0.314025 0.336062 0.520477 0.305103 65.000000 0.305989 75.000000 1016.000000 0.336062
0.322680 0.347727 0.525020 0.315307 47.000000 0.314334 57.000000 1044.000000 0.347727
0.328552 0.360255 0.531835 0.326426 61.000000 0.328243 102.000000 1063.000000 0.360255
0.345242 0.371415 0.537351 0.336041 86.000000 0.333497 59.000000 1117.000000 0.371415
0.348642 0.383683 0.543841 0.347129 62.000000 0.348024 100.000000 1128.000000 0.383683
0.367805 0.394098 0.549033 0.356165 88.000000 0.363787 83.000000 1190.000000 0.394098
0.383568 0.402768 0.551954 0.363923 53.000000 0.367187 63.000000 1241.000000 0.402768
0.401495 0.409261 0.558444 0.369928 78.000000 0.371514 27.000000 1299.000000 0.409261
0.412931 0.414956 0.563311 0.375638 119.000000 0.384186 96.000000 1336.000000 0.414956
0.418494 0.421485 0.566556 0.382359 88.000000 0.398404 84.000000 1354.000000 0.421485
0.426221 0.428722 0.569801 0.389598 12.000000 0.405822 18.000000 1379.000000 0.428722
0.420967 0.439522 0.572397 0.400243 -14.000000 0.407058 2.000000 1362.000000 0.439522
0.429312 0.451450 0.575642 0.411236 25.000000 0.403349 33.000000 1389.000000 0.451450
0.441675 0.463043 0.580510 0.421684 109.000000 0.428694 99.000000 1429.000000 0.463043
0.454657 0.473840 0.586026 0.431455 89.000000 0.444766 109.000000 1471.000000 0.473840
0.468565 0.483544 0.593814 0.440349 84.000000 0.456511 100.000000 1516.000000 0.483544
0.466711 0.495621 0.597059 0.451891 51.000000 0.466402 47.000000 1510.000000 0.495621
0.475056 0.508549 0.601927 0.463784 16.000000 0.468874 19.000000 1537.000000 0.508549
0.481547 0.522387 0.608092 0.476444 24.000000 0.474129 42.000000 1558.000000 0.522387
0.490819 0.536521 0.613609 0.489248 102.000000 0.488965 114.000000 1588.000000 0.536521
0.530999 0.543918 0.621397 0.495305 158.000000 0.511836 97.000000 1718.000000 0.543918
0.535945 0.550954 0.626913 0.502525 157.000000 0.525127 81.000000 1734.000000 0.550954
0.549235 0.557203 0.630158 0.509032 0.000000 0.524200 9.000000 1777.000000 0.557203
0.538726 0.567885 0.634052 0.520134 -63.000000 0.521109 13.000000 1743.000000 0.567885
0.552017 0.578795 0.637297 0.530486 79.000000 0.528527 86.000000 1786.000000 0.578795
0.562526 0.589611 0.644761 0.540718 160.000000 0.541817 117.000000 1820.000000 0.589611
0.584779 0.597644 0.647681 0.548212 110.000000 0.568089 102.000000 1892.000000 0.597644
0.594670 0.605091 0.653198 0.555747 39.000000 0.575816 39.000000 1924.000000 0.605091
0.597452 0.614035 0.657416 0.564903 28.000000 0.580761 1.000000 1933.000000 0.614035
0.592506 0.626640 0.661959 0.577390 23.000000 0.583543 58.000000 1917.000000 0.626640
0.601161 0.640304 0.665853 0.590152 34.000000 0.599924 112.000000 1945.000000 0.640304
0.620014 0.652162 0.671370 0.600918 105.000000 0.615687 131.000000 2006.000000 0.652162
0.638559 0.661677 0.679158 0.609774 105.000000 0.626196 83.000000 2066.000000 0.661677
0.643814 0.671729 0.684350 0.619699 61.000000 0.633614 30.000000 2083.000000 0.671729
0.649377 0.682879 0.691164 0.630615 21.000000 0.639177 24.000000 2101.000000 0.682879
0.649995 0.696340 0.693760 0.643616 11.000000 0.642268 59.000000 2103.000000 0.696340
0.665758 0.708969 0.698952 0.655313 95.000000 0.658031 140.000000 2154.000000 0.708969
0.701303 0.715678 0.706092 0.661306 180.000000 0.670085 85.000000 2269.000000 0.715678
0.716447 0.719981 0.712582 0.666187 121.000000 0.687703 69.000000 2318.000000 0.719981
0.719538 0.725368 0.717125 0.672645 25.000000 0.693885 -2.000000 2328.000000 0.725368
0.717066 0.733824 0.717449 0.681903 -13.000000 0.691721 -13.000000 2320.000000 0.733824
0.715211 0.745602 0.721019 0.693799 1.000000 0.696048 41.000000 2314.000000 0.745602
0.732829 0.756367 0.725237 0.703973 94.000000 0.704702 103.000000 2371.000000 0.756367
0.748283 0.765669 0.731078 0.712924 132.000000 0.727574 152.000000 2421.000000 0.765669
0.760337 0.774189 0.736919 0.721421 89.000000 0.743956 100.000000 2460.000000 0.774189
0.768682 0.782916 0.739840 0.730293 23.000000 0.746119 26.000000 2487.000000 0.782916
0.770227 0.793578 0.744707 0.741053 8.000000 0.753537 23.000000 2492.000000 0.793578
0.769609 0.807007 0.750548 0.754169 44.000000 0.756628 81.000000 2490.000000 0.807007
0.783209 0.820176 0.756065 0.766456 66.000000 0.771464 104.000000 2534.000000 0.820176
0.792172 0.833469 0.761906 0.778958 56.000000 0.785990 98.000000 2563.000000 0.833469
0.814117 0.844077 0.768396 0.788783 103.000000 0.796808 84.000000 2634.000000 0.844077
0.827098 0.853430 0.775210 0.797951 68.000000 0.811335 61.000000 2676.000000 0.853430
0.834207 0.863166 0.779104 0.807775 76.000000 0.818444 53.000000 2699.000000 0.863166
0.839770 0.873976 0.784296 0.818593 50.000000 0.824625 47.000000 2717.000000 0.873976
0.853061 0.884272 0.790462 0.828673 49.000000 0.828334 67.000000 2760.000000 0.884272
0.872842 0.892270 0.795005 0.836575 68.000000 0.845952 85.000000 2824.000000 0.892270
0.888914 0.898446 0.799548 0.843140 78.000000 0.855224 71.000000 2876.000000 0.898446
0.893859 0.905404 0.804415 0.850855 54.000000 0.865733 4.000000 2892.000000 0.905404
0.901277 0.913140 0.808634 0.859158 38.000000 0.869442 53.000000 2916.000000 0.913140
0.908695 0.921638 0.812528 0.868041 64.000000 0.876242 73.000000 2940.000000 0.921638
0.921986 0.929573 0.815773 0.876189 62.000000 0.893550 90.000000 2983.000000 0.929573
0.923840 0.939218 0.819018 0.886159 24.000000 0.900041 90.000000 2989.000000 0.939218
0.933113 0.949381 0.823236 0.896282 45.000000 0.904368 47.000000 3019.000000 0.949381
0.939603 0.960423 0.829077 0.907180 33.000000 0.918586 36.000000 3040.000000 0.960423
0.950112 0.971512 0.836216 0.917951 80.000000 0.926313 48.000000 3074.000000 0.971512
0.951348 0.984541 0.838488 0.930668 70.000000 0.934658 84.000000 3078.000000 0.984541
0.969275 0.996167 0.843680 0.941595 90.000000 0.945476 98.000000 3136.000000 0.996167
0.985038 1.006184 0.852766 0.951233 143.000000 0.960930 79.000000 3187.000000 1.006184
0.998947 1.014987 0.856984 0.960006 121.000000 0.972057 37.000000 3232.000000 1.014987
1.008528 1.001340 0.865097 0.946582 28.000000 0.979165 16.000000 3263.000000 1.001340
1.021200 0.977683 0.866719 0.928271 49.000000 0.983183 66.000000 3304.000000 0.977683
1.019655 0.950095 0.861203 0.908244 -70.000000 0.976693 -63.000000 3299.000000 0.950095
0.979165 0.928816 0.849845 0.895167 -271.000000 0.955675 -214.000000 3168.000000 0.928816
0.941767 0.915567 0.838163 0.888272 -177.000000 0.919204 -204.000000 3047.000000 0.915567
0.926931 0.905583 0.830051 0.882468 -64.000000 0.905295 -101.000000 2999.000000 0.905583
0.928476 0.893968 0.823885 0.874092 -6.000000 0.897259 -28.000000 3004.000000 0.893968
0.919822 0.881810 0.820965 0.865436 -7.000000 0.890769 -54.000000 2976.000000 0.881810
0.917349 0.867999 0.814475 0.855121 -80.000000 0.890769 -56.000000 2968.000000 0.867999
0.913950 0.852488 0.807985 0.843361 -121.000000 0.875624 -133.000000 2957.000000 0.852488
0.882423 0.841556 0.800846 0.836433 -172.000000 0.847497 -164.000000 2855.000000 0.841556
0.865733 0.833344 0.796627 0.830989 -156.000000 0.824625 -132.000000 2801.000000 0.833344
0.850588 0.827009 0.792733 0.826674 -15.000000 0.823698 36.000000 2752.000000 0.827009
0.859242 0.817011 0.787217 0.818177 71.000000 0.830189 41.000000 2780.000000 0.817011
0.858624 0.804131 0.783972 0.807600 -60.000000 0.824935 -115.000000 2778.000000 0.804131
0.833898 0.793975 0.776833 0.800332 -206.000000 0.807317 -173.000000 2698.000000 0.793975
0.807935 0.788125 0.772290 0.796619 -53.000000 0.790627 -55.000000 2614.000000 0.788125
0.804226 0.781930 0.769045 0.791475 -3.000000 0.788772 22.000000 2602.000000 0.781930
0.804844 0.773315 0.766124 0.783950 -14.000000 0.789699 -13.000000 2604.000000 0.773315
0.798972 0.763265 0.762555 0.775511 -46.000000 0.783827 -77.000000 2585.000000 0.763265
0.791245 0.752451 0.756714 0.766577 -56.000000 0.776100 -65.000000 2560.000000 0.752451
0.786300 0.740420 0.753144 0.756530 -69.000000 0.764973 -79.000000 2544.000000 0.740420
0.773318 0.728870 0.748277 0.747165 -66.000000 0.751992 -60.000000 2502.000000 0.728870
0.759100 0.718470 0.742436 0.738752 -71.000000 0.740865 -44.000000 2456.000000 0.718470
0.757246 0.706597 0.737568 0.728523 -46.000000 0.732520 -92.000000 2450.000000 0.706597
0.747665 0.694374 0.730754 0.718216 -66.000000 0.721702 -101.000000 2419.000000 0.694374
0.734683 0.682825 0.727509 0.708585 -82.000000 0.710266 -99.000000 2377.000000 0.682825
0.724174 0.671626 0.722317 0.699072 -40.000000 0.695739 -96.000000 2343.000000 0.671626
0.706557 0.662276 0.715502 0.691261 -91.000000 0.684612 -53.000000 2286.000000 0.662276
0.698521 0.652962 0.711284 0.683003 -104.000000 0.674413 -71.000000 2260.000000 0.652962
0.677503 0.646152 0.706416 0.677196 -179.000000 0.660195 -76.000000 2192.000000 0.646152
0.668540 0.639697 0.702197 0.671137 -44.000000 0.658649 -50.000000 2163.000000 0.639697
0.662668 0.632403 0.698628 0.664142 23.000000 0.649686 -16.000000 2144.000000 0.632403
0.658649 0.623593 0.694734 0.655808 33.000000 0.654631 -4.000000 2131.000000 0.623593
0.651232 0.613891 0.693760 0.646902 -81.000000 0.645050 -57.000000 2107.000000 0.613891
0.641341 0.604004 0.687595 0.637981 -99.000000 0.632378 -49.000000 2075.000000 0.604004
0.636396 0.592995 0.683701 0.627939 -65.000000 0.624651 -61.000000 2059.000000 0.592995
0.628360 0.581350 0.678833 0.617472 -13.000000 0.616306 -35.000000 2033.000000 0.581350
0.614451 0.570497 0.672668 0.607891 -82.000000 0.614142 -89.000000 1988.000000 0.570497
0.609815 0.558684 0.669098 0.597118 -82.000000 0.599306 -79.000000 1973.000000 0.558684
0.595288 0.547722 0.662608 0.587368 -83.000000 0.589725 -89.000000 1926.000000 0.547722
0.590652 0.535807 0.657092 0.576424 -89.000000 0.574271 -116.000000 1911.000000 0.535807
0.580761 0.523708 0.651251 0.565466 -84.000000 0.556653 -113.000000 1879.000000 0.523708
0.569016 0.512016 0.645085 0.554906 -79.000000 0.551399 -36.000000 1841.000000 0.512016
0.563453 0.499476 0.641516 0.543362 -42.000000 0.544908 -72.000000 1823.000000 0.499476
0.549235 0.487745 0.635999 0.532768 -127.000000 0.532236 -85.000000 1777.000000 0.487745
0.508128 0.483178 0.628211 0.529113 -187.000000 0.509055 -121.000000 1644.000000 0.483178
0.497310 0.480355 0.623019 0.525591 -88.000000 0.499473 -27.000000 1609.000000 0.480355
0.502873 0.474378 0.622046 0.518560 4.000000 0.492983 5.000000 1627.000000 0.474378
0.501637 0.465711 0.619125 0.509566 2.000000 0.500091 44.000000 1623.000000 0.465711
0.506582 0.453121 0.616205 0.497248 -77.000000 0.500401 -53.000000 1639.000000 0.453121
0.489274 0.441350 0.612311 0.486591 -68.000000 0.481547 -98.000000 1583.000000 0.441350
0.476292 0.430482 0.606145 0.476611 -52.000000 0.466711 -87.000000 1541.000000 0.430482
0.468256 0.419418 0.602900 0.466198 -46.000000 0.459293 -36.000000 1515.000000 0.419418
0.456820 0.408668 0.595761 0.456113 -25.000000 0.447548 -33.000000 1478.000000 0.408668
0.458675 0.395376 0.589920 0.443389 -11.000000 0.447548 -55.000000 1484.000000 0.395376
0.446002 0.382181 0.584079 0.431282 -67.000000 0.443530 -107.000000 1443.000000 0.382181
0.428694 0.370698 0.578563 0.420818 -118.000000 0.417258 -129.000000 1387.000000 0.370698
0.415713 0.360291 0.573371 0.411018 -90.000000 0.392532 -125.000000 1345.000000 0.360291
0.403040 0.350732 0.565583 0.401808 -80.000000 0.378932 -24.000000 1304.000000 0.350732
0.403968 0.338927 0.561364 0.390153 -21.000000 0.384496 11.000000 1307.000000 0.338927
0.405204 0.324158 0.556821 0.376003 -100.000000 0.378005 -92.000000 1311.000000 0.324158
0.366569 0.315202 0.550656 0.368264 -214.000000 0.361624 -145.000000 1186.000000 0.315202
0.339988 0.311203 0.544490 0.364198 -136.000000 0.340915 -107.000000 1100.000000 0.311203
0.334425 0.307216 0.541245 0.359097 -12.000000 0.330407 -43.000000 1082.000000 0.307216
0.334425 0.300932 0.537351 0.351735 34.000000 0.339370 51.000000 1082.000000 0.300932
0.337824 0.291128 0.535404 0.341378 -11.000000 0.339370 8.000000 1093.000000 0.291128
0.329788 0.280140 0.531186 0.330597 -83.000000 0.326698 -94.000000 1067.000000 0.280140
0.316498 0.269666 0.526318 0.320566 -92.000000 0.314025 -147.000000 1024.000000 0.269666
0.305062 0.259648 0.520801 0.310861 -68.000000 0.300117 -82.000000 987.000000 0.259648
0.298262 0.249031 0.516258 0.300446 -19.000000 0.290535 -27.000000 965.000000 0.249031
0.294553 0.236906 0.510742 0.288636 -41.000000 0.285899 -15.000000 953.000000 0.236906
0.287135 0.223925 0.506199 0.276267 -59.000000 0.279099 -66.000000 929.000000 0.223925
0.280336 0.210099 0.501331 0.263201 -100.000000 0.262718 -139.000000 907.000000 0.210099
0.260245 0.198402 0.494192 0.252403 -129.000000 0.243246 -187.000000 842.000000 0.198402
0.229028 0.191917 0.486080 0.246336 -78.000000 0.226247 -109.000000 741.000000 0.191917
0.229028 0.184262 0.481861 0.238005 6.000000 0.218520 -14.000000 741.000000 0.184262
0.221301 0.175825 0.479265 0.229154 54.000000 0.215738 33.000000 716.000000 0.175825
0.219138 0.165460 0.475371 0.218550 -113.000000 0.211411 -48.000000 709.000000 0.165460
0.214192 0.153576 0.469855 0.206827 -116.000000 0.194411 -119.000000 693.000000 0.153576
0.192248 0.144071 0.464338 0.197782 -94.000000 0.186684 -59.000000 622.000000 0.144071
0.177412 0.136144 0.459146 0.189807 -31.000000 0.177103 -50.000000 574.000000 0.136144
0.167212 0.128572 0.453305 0.181864 -53.000000 0.172158 -44.000000 541.000000 0.128572
0.166285 0.119026 0.451683 0.171885 -66.000000 0.163503 -76.000000 538.000000 0.119026
0.161958 0.107806 0.447140 0.160647 -18.000000 0.159485 -7.000000 524.000000 0.107806
0.151449 0.096379 0.440650 0.149536 -45.000000 0.150831 -67.000000 490.000000 0.096379
0.143722 0.084430 0.436107 0.137928 -69.000000 0.140013 -71.000000 465.000000 0.084430
0.135995 0.071900 0.430915 0.125825 -56.000000 0.127959 -81.000000 440.000000 0.071900
0.124868 0.059539 0.424749 0.113985 -56.000000 0.117141 -67.000000 404.000000 0.059539
0.112505 0.047774 0.417610 0.102682 -91.000000 0.101996 -103.000000 364.000000 0.047774
0.101378 0.036406 0.414365 0.091632 -77.000000 0.084688 -66.000000 328.000000 0.036406
0.084070 0.026766 0.406253 0.082213 -99.000000 0.079124 -71.000000 272.000000 0.026766
0.083452 0.015379 0.399763 0.070691 -68.000000 0.075106 -52.000000 270.000000 0.015379
0.055016 0.007763 0.395544 0.063286 -134.000000 0.047907 -115.000000 178.000000 0.007763
0.040799 0.001821 0.391650 0.056796 -59.000000 0.038326 -80.000000 132.000000 0.001821
0.034617 -0.004686 0.387756 0.049429 -3.000000 0.028744 -18.000000 112.000000 -0.004686
0.026581 -0.011787 0.383538 0.041609 2.000000 0.030290 17.000000 86.000000 -0.011787
0.023181 -0.020511 0.380293 0.032308 -62.000000 0.028435 -52.000000 75.000000 -0.020511
0.017618 -0.030559 0.375425 0.022021 -72.000000 0.015454 -63.000000 57.000000 -0.030559
0.004018 -0.040059 0.371207 0.012546 -83.000000 0.009891 -73.000000 13.000000 -0.040059
