-0.001236 0.011426 0.352710 0.011426 -19.000000 -0.001236 -4.000000 -4.000000 0.011426
-0.003709 0.028222 0.352710 0.025551 3.000000 -0.003400 -17.000000 -12.000000 0.028222
0.009581 0.045351 0.355631 0.038857 85.000000 0.000000 84.000000 31.000000 0.045351
0.027508 0.060576 0.365690 0.050332 133.000000 0.033381 217.000000 89.000000 0.060576
0.041417 0.074303 0.373154 0.060897 99.000000 0.050998 136.000000 134.000000 0.074303
0.051925 0.087422 0.379968 0.071325 63.000000 0.065216 85.000000 168.000000 0.087422
0.061198 0.100440 0.384511 0.081897 66.000000 0.069543 88.000000 198.000000 0.100440
0.084688 0.110314 0.388730 0.089445 91.000000 0.084070 52.000000 274.000000 0.110314
0.089942 0.120440 0.398465 0.098060 75.000000 0.082833 37.000000 291.000000 0.120440
0.104160 0.129623 0.402034 0.105734 101.000000 0.097360 49.000000 337.000000 0.129623
0.117141 0.137872 0.407875 0.112749 73.000000 0.106942 58.000000 379.000000 0.137872
0.120232 0.147409 0.410796 0.121315 16.000000 0.117450 67.000000 389.000000 0.147409
0.126414 0.158053 0.412418 0.130729 12.000000 0.118378 -10.000000 409.000000 0.158053
0.129195 0.170504 0.419882 0.141745 57.000000 0.123632 43.000000 418.000000 0.170504
0.144959 0.182010 0.424100 0.151456 108.000000 0.132286 122.000000 469.000000 0.182010
0.155776 0.193041 0.430590 0.160980 113.000000 0.159485 157.000000 504.000000 0.193041
0.166285 0.203787 0.434160 0.170387 23.000000 0.162576 11.000000 538.000000 0.203787
0.169067 0.216023 0.438054 0.181402 13.000000 0.169376 62.000000 547.000000 0.216023
0.179575 0.228425 0.444219 0.192291 74.000000 0.177721 93.000000 581.000000 0.228425
0.191011 0.240475 0.449736 0.202850 70.000000 0.194720 113.000000 618.000000 0.240475
0.202447 0.252060 0.455901 0.213084 99.000000 0.203375 109.000000 655.000000 0.252060
0.220374 0.261715 0.462391 0.221548 76.000000 0.224083 68.000000 713.000000 0.261715
0.222538 0.272644 0.466934 0.231770 59.000000 0.229956 45.000000 720.000000 0.272644
0.235828 0.283096 0.471153 0.241256 28.000000 0.237373 49.000000 763.000000 0.283096
0.244482 0.293703 0.475371 0.251043 79.000000 0.242628 16.000000 791.000000 0.293703
0.262718 0.302474 0.480563 0.258994 119.000000 0.260554 99.000000 850.000000 0.302474
0.274154 0.310491 0.485755 0.266638 70.000000 0.266118 84.000000 887.000000 0.310491
0.278172 0.319669 0.491272 0.275628 18.000000 0.268900 19.000000 900.000000 0.319669
0.281572 0.330571 0.492245 0.286090 15.000000 0.272918 -20.000000 911.000000 0.330571
0.289299 0.342340 0.498411 0.297050 63.000000 0.278790 90.000000 936.000000 0.342340
0.307226 0.352492 0.502629 0.306230 112.000000 0.297644 111.000000 994.000000 0.352492
0.318661 0.361924 0.508470 0.315093 70.000000 0.305989 62.000000 1031.000000 0.361924
0.323298 0.372371 0.514960 0.325157 19.000000 0.320516 44.000000 1046.000000 0.372371
0.327934 0.384221 0.517232 0.336413 40.000000 0.331643 63.000000 1061.000000 0.384221
0.337515 0.396441 0.524046 0.347749 48.000000 0.341842 77.000000 1092.000000 0.396441
0.351733 0.407756 0.528265 0.358135 97.000000 0.350497 107.000000 1138.000000 0.407756
0.356987 0.419887 0.536053 0.369577 91.000000 0.367805 85.000000 1155.000000 0.419887
0.380477 0.429154 0.539947 0.378002 79.000000 0.377387 77.000000 1231.000000 0.429154
0.393768 0.437030 0.544815 0.385708 101.000000 0.391295 49.000000 1274.000000 0.437030
0.395622 0.446421 0.551629 0.395247 44.000000 0.399331 31.000000 1280.000000 0.446421
0.407677 0.455695 0.554874 0.404329 53.000000 0.401495 28.000000 1319.000000 0.455695
0.415713 0.465374 0.558768 0.413852 63.000000 0.412313 74.000000 1345.000000 0.465374
0.433330 0.473437 0.563960 0.421676 75.000000 0.423440 45.000000 1402.000000 0.473437
0.435185 0.482959 0.568179 0.431328 15.000000 0.429003 37.000000 1408.000000 0.482959
0.442603 0.493379 0.573371 0.441553 37.000000 0.430858 -1.000000 1432.000000 0.493379
0.450948 0.504350 0.576940 0.452140 68.000000 0.440439 80.000000 1459.000000 0.504350
0.464856 0.514545 0.582132 0.461847 84.000000 0.458984 103.000000 1504.000000 0.514545
0.473511 0.524848 0.589596 0.471854 44.000000 0.470111 82.000000 1532.000000 0.524848
0.482474 0.535390 0.593165 0.482090 26.000000 0.479383 78.000000 1561.000000 0.535390
0.492364 0.545991 0.598682 0.492347 73.000000 0.490201 79.000000 1593.000000 0.545991
0.499164 0.557299 0.603874 0.503314 55.000000 0.506891 79.000000 1615.000000 0.557299
0.511836 0.568144 0.609066 0.513678 99.000000 0.516473 116.000000 1656.000000 0.568144
0.521109 0.579027 0.616205 0.524203 122.000000 0.530999 88.000000 1686.000000 0.579027
0.538726 0.588200 0.620423 0.533026 78.000000 0.542744 76.000000 1743.000000 0.588200
0.552017 0.596260 0.626264 0.541125 95.000000 0.551708 55.000000 1786.000000 0.596260
0.561598 0.604184 0.631781 0.549331 72.000000 0.558508 31.000000 1817.000000 0.604184
0.575816 0.611156 0.635999 0.556607 51.000000 0.565616 27.000000 1863.000000 0.611156
0.584779 0.618177 0.639569 0.564129 60.000000 0.577361 73.000000 1892.000000 0.618177
0.584779 0.627466 0.642165 0.573891 60.000000 0.583234 24.000000 1892.000000 0.627466
0.590652 0.638176 0.646059 0.584565 31.000000 0.586325 36.000000 1911.000000 0.638176
0.596833 0.650029 0.650926 0.596078 53.000000 0.590343 57.000000 1931.000000 0.650029
0.612287 0.660881 0.656767 0.606358 91.000000 0.599306 95.000000 1981.000000 0.660881
0.625269 0.670823 0.662284 0.615969 50.000000 0.624651 87.000000 2023.000000 0.670823
0.642886 0.678855 0.667476 0.623883 56.000000 0.634850 73.000000 2080.000000 0.678855
0.637941 0.689815 0.672992 0.635142 45.000000 0.639796 80.000000 2064.000000 0.689815
0.642577 0.702597 0.677535 0.647585 33.000000 0.654322 70.000000 2079.000000 0.702597
0.656486 0.714864 0.684350 0.659136 67.000000 0.656486 120.000000 2124.000000 0.714864
0.673176 0.725490 0.690191 0.669186 117.000000 0.679049 139.000000 2178.000000 0.725490
0.688321 0.734593 0.695383 0.678092 105.000000 0.698830 110.000000 2227.000000 0.734593
0.700684 0.742845 0.700575 0.686483 92.000000 0.707484 52.000000 2267.000000 0.742845
0.707484 0.751643 0.705442 0.695599 53.000000 0.711193 42.000000 2289.000000 0.751643
0.716138 0.760872 0.711933 0.705021 104.000000 0.718920 55.000000 2317.000000 0.760872
0.728192 0.769743 0.713880 0.713986 126.000000 0.731283 89.000000 2356.000000 0.769743
0.748901 0.776155 0.718747 0.720568 83.000000 0.736847 73.000000 2423.000000 0.776155
0.754155 0.783127 0.723290 0.728229 85.000000 0.751064 55.000000 2440.000000 0.783127
0.760646 0.791034 0.728482 0.736681 39.000000 0.755082 15.000000 2461.000000 0.791034
0.755082 0.802631 0.732376 0.748606 26.000000 0.758791 14.000000 2443.000000 0.802631
0.766827 0.814610 0.733999 0.760119 68.000000 0.762809 65.000000 2481.000000 0.814610
0.781354 0.825623 0.741138 0.770606 91.000000 0.777645 143.000000 2528.000000 0.825623
0.798972 0.834705 0.747303 0.779388 97.000000 0.798663 154.000000 2585.000000 0.834705
0.809481 0.843258 0.753144 0.788065 48.000000 0.816280 59.000000 2619.000000 0.843258
0.808862 0.854076 0.758336 0.799116 20.000000 0.818444 33.000000 2617.000000 0.854076
0.817517 0.865667 0.760608 0.810457 56.000000 0.828643 94.000000 2645.000000 0.865667
0.830189 0.876803 0.767747 0.821190 75.000000 0.841625 134.000000 2686.000000 0.876803
0.840389 0.887774 0.774237 0.831874 70.000000 0.853370 106.000000 2719.000000 0.887774
0.862642 0.895961 0.779104 0.839822 90.000000 0.868515 83.000000 2791.000000 0.895961
0.876242 0.902766 0.785270 0.846983 80.000000 0.875315 49.000000 2835.000000 0.902766
0.879951 0.910714 0.789164 0.855568 14.000000 0.884278 -12.000000 2847.000000 0.910714
0.889841 0.918954 0.794031 0.864181 42.000000 0.888914 65.000000 2879.000000 0.918954
0.893859 0.928605 0.797601 0.874133 77.000000 0.904059 85.000000 2892.000000 0.928605
0.913640 0.936373 0.800197 0.881897 87.000000 0.907768 95.000000 2956.000000 0.936373
0.922295 0.944056 0.809283 0.889972 46.000000 0.911168 43.000000 2984.000000 0.944056
0.930331 0.952178 0.812852 0.898492 26.000000 0.919822 10.000000 3010.000000 0.952178
0.936821 0.961190 0.817395 0.907795 42.000000 0.922604 27.000000 3031.000000 0.961190
0.943312 0.971174 0.819991 0.917878 90.000000 0.938985 88.000000 3052.000000 0.971174
0.958766 0.980137 0.823236 0.926735 105.000000 0.950421 97.000000 3102.000000 0.980137
0.964021 0.989941 0.832322 0.936652 62.000000 0.961857 86.000000 3119.000000 0.989941
0.971129 1.000561 0.836216 0.947207 38.000000 0.972057 63.000000 3142.000000 1.000561
0.984111 1.010669 0.844004 0.957088 67.000000 0.985656 52.000000 3184.000000 1.010669
0.990601 1.021441 0.847249 0.967749 33.000000 0.988438 70.000000 3205.000000 1.021441
1.005437 1.008956 0.851792 0.955023 98.000000 1.011001 82.000000 3253.000000 1.008956
1.016255 0.986716 0.856335 0.937817 97.000000 1.019037 70.000000 3288.000000 0.986716
1.008837 0.961893 0.850494 0.920196 -92.000000 1.019037 -82.000000 3264.000000 0.961893
0.979475 0.941189 0.842382 0.907028 -239.000000 0.976693 -340.000000 3169.000000 0.941189
0.948257 0.926587 0.831349 0.898667 -200.000000 0.943621 -214.000000 3068.000000 0.926587
0.934658 0.914525 0.822912 0.891137 -44.000000 0.924767 -86.000000 3024.000000 0.914525
0.930022 0.902066 0.816422 0.882425 -3.000000 0.923222 -4.000000 3009.000000 0.902066
0.928167 0.887863 0.811554 0.871919 -39.000000 0.911168 -85.000000 3003.000000 0.887863
0.916422 0.873809 0.804415 0.861832 -63.000000 0.909932 -24.000000 2965.000000 0.873809
0.899732 0.861459 0.798574 0.853258 -127.000000 0.891078 -142.000000 2911.000000 0.861459
0.875624 0.852813 0.793382 0.847837 -217.000000 0.872533 -157.000000 2833.000000 0.852813
0.849661 0.848709 0.786568 0.845957 -98.000000 0.863879 -83.000000 2749.000000 0.848709
0.856461 0.841974 0.783647 0.840292 93.000000 0.862642 99.000000 2771.000000 0.841974
0.868515 0.829738 0.780727 0.829704 38.000000 0.875315 8.000000 2810.000000 0.829738
0.860788 0.815797 0.776508 0.818641 -139.000000 0.862951 -116.000000 2785.000000 0.815797
0.834825 0.805158 0.772614 0.811166 -197.000000 0.836061 -211.000000 2701.000000 0.805158
0.819680 0.796562 0.766124 0.804836 -34.000000 0.820298 -34.000000 2652.000000 0.796562
0.814117 0.787532 0.760932 0.797506 4.000000 0.815662 11.000000 2634.000000 0.787532
0.813189 0.776442 0.756065 0.788152 -41.000000 0.815662 -42.000000 2631.000000 0.776442
0.806390 0.764242 0.754442 0.778098 -71.000000 0.802990 -101.000000 2609.000000 0.764242
0.794954 0.752205 0.748601 0.768380 -47.000000 0.785990 -65.000000 2572.000000 0.752205
0.790318 0.739114 0.740813 0.757477 -67.000000 0.775173 -63.000000 2557.000000 0.739114
0.770227 0.728133 0.737893 0.748841 -97.000000 0.758173 -85.000000 2492.000000 0.728133
0.756628 0.718534 0.731403 0.741005 -59.000000 0.749519 -44.000000 2448.000000 0.718534
0.749828 0.708601 0.726535 0.732447 -14.000000 0.746737 -15.000000 2426.000000 0.708601
0.737156 0.699241 0.721668 0.724485 -65.000000 0.735919 -72.000000 2385.000000 0.699241
0.732829 0.688798 0.714529 0.715252 -110.000000 0.726338 -91.000000 2371.000000 0.688798
0.717993 0.679240 0.712257 0.707102 -37.000000 0.720465 -36.000000 2323.000000 0.679240
0.709030 0.669706 0.707714 0.698718 -38.000000 0.713048 -33.000000 2294.000000 0.669706
0.702539 0.659440 0.703171 0.689549 -109.000000 0.709030 -72.000000 2273.000000 0.659440
0.689867 0.649654 0.698628 0.680981 -77.000000 0.691721 -78.000000 2232.000000 0.649654
0.670395 0.642137 0.693111 0.674525 -47.000000 0.680903 -72.000000 2169.000000 0.642137
0.671322 0.632725 0.690191 0.665616 -16.000000 0.676885 -33.000000 2172.000000 0.632725
0.664831 0.622128 0.686297 0.655929 -67.000000 0.668540 -66.000000 2151.000000 0.622128
0.655868 0.611080 0.681105 0.646021 -101.000000 0.658031 -114.000000 2122.000000 0.611080
0.641959 0.600860 0.676886 0.636994 -90.000000 0.642577 -78.000000 2077.000000 0.600860
0.633305 0.590575 0.670721 0.627668 -45.000000 0.634850 -65.000000 2049.000000 0.590575
0.626505 0.579606 0.667800 0.617631 -21.000000 0.622487 -62.000000 2027.000000 0.579606
0.618469 0.568093 0.663257 0.607164 -33.000000 0.616306 -10.000000 2001.000000 0.568093
0.613833 0.555316 0.657416 0.595510 -50.000000 0.608269 -66.000000 1986.000000 0.555316
0.600233 0.543125 0.650926 0.584675 -117.000000 0.594361 -140.000000 1942.000000 0.543125
0.581379 0.533102 0.644436 0.575821 -116.000000 0.578907 -99.000000 1881.000000 0.533102
0.565307 0.524955 0.639569 0.568313 -53.000000 0.569325 -39.000000 1829.000000 0.524955
0.568089 0.514383 0.634701 0.557938 -9.000000 0.565616 -11.000000 1838.000000 0.514383
0.560980 0.502649 0.629834 0.546925 -24.000000 0.564071 -4.000000 1815.000000 0.502649
0.544599 0.492125 0.626264 0.537346 -133.000000 0.552326 -90.000000 1762.000000 0.492125
0.520182 0.485121 0.619774 0.530980 -138.000000 0.528218 -147.000000 1683.000000 0.485121
0.512146 0.478453 0.614582 0.524151 -52.000000 0.515855 -56.000000 1657.000000 0.478453
0.509364 0.470230 0.613609 0.515696 5.000000 0.521109 10.000000 1648.000000 0.470230
0.513073 0.458601 0.608741 0.504183 -7.000000 0.522654 16.000000 1660.000000 0.458601
0.501946 0.446509 0.603225 0.492941 -59.000000 0.509055 -98.000000 1624.000000 0.446509
0.488965 0.435034 0.598357 0.482379 -146.000000 0.488346 -159.000000 1582.000000 0.435034
0.470111 0.425714 0.593490 0.473798 -86.000000 0.471656 -103.000000 1521.000000 0.425714
0.460529 0.416792 0.587973 0.465115 -46.000000 0.457747 -35.000000 1490.000000 0.416792
0.461766 0.405457 0.584728 0.453920 8.000000 0.457438 -45.000000 1494.000000 0.405457
0.455893 0.392703 0.578563 0.441818 -36.000000 0.457438 -35.000000 1475.000000 0.392703
0.448166 0.379184 0.572397 0.429226 -82.000000 0.440748 -129.000000 1450.000000 0.379184
0.418185 0.370016 0.566881 0.421107 -135.000000 0.422512 -93.000000 1353.000000 0.370016
0.405513 0.362403 0.561364 0.413566 -103.000000 0.407986 -70.000000 1312.000000 0.362403
0.399640 0.354189 0.557795 0.405086 8.000000 0.405204 23.000000 1293.000000 0.354189
0.402113 0.343049 0.550656 0.393815 6.000000 0.404586 -12.000000 1301.000000 0.343049
0.392223 0.331275 0.547411 0.382534 -115.000000 0.403040 -78.000000 1269.000000 0.331275
0.371823 0.321720 0.541894 0.373582 -151.000000 0.381405 -160.000000 1203.000000 0.321720
0.354824 0.314215 0.537351 0.366183 -84.000000 0.359769 -81.000000 1148.000000 0.314215
0.339679 0.308282 0.532484 0.359914 -24.000000 0.360078 -7.000000 1099.000000 0.308282
0.346170 0.298970 0.527616 0.349945 9.000000 0.355133 14.000000 1120.000000 0.298970
0.347715 0.286358 0.523722 0.337410 -24.000000 0.352042 -51.000000 1125.000000 0.286358
0.331334 0.274507 0.520152 0.326323 -86.000000 0.339061 -125.000000 1072.000000 0.274507
0.317116 0.263802 0.514311 0.316187 -147.000000 0.321443 -180.000000 1026.000000 0.263802
0.304753 0.253892 0.508470 0.306579 -55.000000 0.293935 -73.000000 986.000000 0.253892
0.297335 0.243586 0.502954 0.296392 -22.000000 0.294244 5.000000 962.000000 0.243586
0.297644 0.230909 0.498411 0.283909 -26.000000 0.293008 -7.000000 963.000000 0.230909
0.284354 0.218504 0.493543 0.272177 -82.000000 0.280645 -65.000000 920.000000 0.218504
0.271063 0.206930 0.485431 0.261188 -116.000000 0.265500 -134.000000 877.000000 0.206930
0.253755 0.197188 0.482510 0.251831 -105.000000 0.250973 -97.000000 821.000000 0.197188
0.239846 0.188705 0.476669 0.243335 -13.000000 0.238610 -27.000000 776.000000 0.188705
0.234592 0.179413 0.473100 0.233767 -41.000000 0.237683 -36.000000 759.000000 0.179413
0.225319 0.169781 0.467259 0.224033 -33.000000 0.230883 -43.000000 729.000000 0.169781
0.215429 0.160054 0.459146 0.214273 -106.000000 0.220065 -115.000000 697.000000 0.160054
0.198429 0.151869 0.458822 0.206072 -93.000000 0.204920 -109.000000 642.000000 0.151869
0.187921 0.144104 0.454279 0.197972 -50.000000 0.199357 -73.000000 608.000000 0.144104
0.186684 0.134450 0.450709 0.187907 -15.000000 0.186375 -22.000000 604.000000 0.134450
0.179885 0.123692 0.444219 0.177135 -48.000000 0.184521 -46.000000 582.000000 0.123692
0.172467 0.112147 0.437405 0.165795 -72.000000 0.177103 -92.000000 558.000000 0.112147
0.159794 0.101064 0.435458 0.155064 -75.000000 0.162267 -127.000000 517.000000 0.101064
0.143722 0.091452 0.429617 0.145692 -90.000000 0.140013 -81.000000 465.000000 0.091452
0.140322 0.080673 0.429941 0.134842 -38.000000 0.135377 -54.000000 454.000000 0.080673
0.133832 0.068885 0.419233 0.123216 -60.000000 0.129505 -61.000000 433.000000 0.068885
0.121159 0.057512 0.412743 0.112196 -80.000000 0.118378 -86.000000 392.000000 0.057512
0.106324 0.047324 0.408849 0.102259 -109.000000 0.100760 -82.000000 344.000000 0.047324
0.094888 0.037704 0.402683 0.092637 -94.000000 0.097051 -53.000000 307.000000 0.037704
0.085615 0.028032 0.397167 0.082848 -56.000000 0.088088 -48.000000 277.000000 0.028032
0.084379 0.016392 0.391975 0.071100 -61.000000 0.074797 -67.000000 273.000000 0.016392
0.063052 0.006900 0.388081 0.061890 -63.000000 0.076652 -66.000000 204.000000 0.006900
0.047289 -0.000875 0.380942 0.053956 -74.000000 0.067070 -84.000000 153.000000 -0.000875
0.033690 -0.007528 0.376399 0.046807 -49.000000 0.039253 -94.000000 109.000000 -0.007528
0.028435 -0.015053 0.374127 0.038582 -41.000000 0.034926 -20.000000 92.000000 -0.015053
0.025345 -0.024322 0.368935 0.028808 -29.000000 0.034926 3.000000 82.000000 -0.024322
0.025035 -0.036105 0.366339 0.016878 -27.000000 0.032453 -37.000000 81.000000 -0.036105
0.012363 -0.047765 0.360823 0.005563 -76.000000 0.012672 -176.000000 40.000000 -0.047765
0.001236 -0.036820 0.355306 0.016811 -76.000000 -0.004945 -101.000000 4.000000 -0.036820
-0.010818 -0.016267 0.351737 0.032824 -33.000000 -0.010509 -70.000000 -35.000000 -0.016267
-0.000618 0.006149 0.357253 0.048636 78.000000 -0.010818 105.000000 -2.000000 0.006149
0.027817 0.024505 0.366988 0.060210 207.000000 0.028744 316.000000 90.000000 0.024505
0.053471 0.038095 0.373478 0.068223 187.000000 0.066452 173.000000 173.000000 0.038095
0.063670 0.050292 0.382564 0.076159 21.000000 0.070779 -10.000000 206.000000 0.050292
0.067379 0.063381 0.388081 0.085473 11.000000 0.071397 32.000000 218.000000 0.063381
0.084070 0.075011 0.392948 0.093265 132.000000 0.079743 101.000000 272.000000 0.075011
0.095506 0.085825 0.400087 0.100724 93.000000 0.092106 73.000000 309.000000 0.085825
0.108178 0.095719 0.403008 0.107578 64.000000 0.102924 68.000000 350.000000 0.095719
0.116832 0.105583 0.410796 0.114730 102.000000 0.113123 84.000000 378.000000 0.105583
0.126105 0.115496 0.413392 0.122040 51.000000 0.126105 35.000000 408.000000 0.115496
0.127959 0.127133 0.417935 0.131161 -10.000000 0.122396 -54.000000 414.000000 0.127133
0.131050 0.140593 0.422153 0.141807 44.000000 0.127032 62.000000 424.000000 0.140593
0.148977 0.152570 0.426372 0.150661 140.000000 0.142486 134.000000 482.000000 0.152570
0.173085 0.160935 0.434160 0.156363 96.000000 0.176176 150.000000 560.000000 0.160935
0.174939 0.170208 0.439027 0.163897 -14.000000 0.175557 -48.000000 566.000000 0.170208
0.175248 0.181783 0.442597 0.173594 -14.000000 0.177721 -31.000000 567.000000 0.181783
0.181121 0.194716 0.448113 0.184195 92.000000 0.183284 145.000000 586.000000 0.194716
0.194411 0.207115 0.452981 0.194045 120.000000 0.208938 143.000000 629.000000 0.207115
0.207702 0.218550 0.459471 0.203151 67.000000 0.220683 83.000000 672.000000 0.218550
0.220683 0.229010 0.465961 0.211590 28.000000 0.230883 66.000000 714.000000 0.229010
0.235210 0.238164 0.470504 0.219022 81.000000 0.239537 34.000000 761.000000 0.238164
0.245410 0.246922 0.475696 0.226420 45.000000 0.250355 51.000000 794.000000 0.246922
0.256845 0.255225 0.478941 0.233505 68.000000 0.251282 43.000000 831.000000 0.255225
0.260245 0.264859 0.482835 0.242070 86.000000 0.260245 85.000000 842.000000 0.264859
0.276936 0.273256 0.486404 0.249140 99.000000 0.269827 77.000000 896.000000 0.273256
0.279099 0.283079 0.490947 0.257965 1.000000 0.276318 22.000000 903.000000 0.283079
0.281263 0.294924 0.496139 0.268532 11.000000 0.275699 13.000000 910.000000 0.294924
0.292390 0.306904 0.499709 0.278829 82.000000 0.286208 85.000000 946.000000 0.306904
0.310007 0.317137 0.505550 0.287416 117.000000 0.307844 132.000000 1003.000000 0.317137
0.318971 0.327148 0.510742 0.296236 57.000000 0.318043 30.000000 1032.000000 0.327148
0.315880 0.339983 0.516258 0.307976 -15.000000 0.327316 13.000000 1022.000000 0.339983
0.326079 0.353338 0.521126 0.319650 54.000000 0.333188 91.000000 1055.000000 0.353338
0.342461 0.365304 0.526643 0.329885 133.000000 0.359460 193.000000 1108.000000 0.365304
0.357296 0.375811 0.532484 0.339039 84.000000 0.367805 90.000000 1156.000000 0.375811
0.368423 0.385694 0.537676 0.347947 51.000000 0.378932 26.000000 1192.000000 0.385694
0.379859 0.395086 0.543841 0.356541 44.000000 0.387277 47.000000 1229.000000 0.395086
0.383568 0.405746 0.547411 0.366545 86.000000 0.389750 61.000000 1241.000000 0.405746
0.397786 0.415716 0.552278 0.375604 78.000000 0.398095 53.000000 1287.000000 0.415716
0.415094 0.423870 0.557146 0.383037 82.000000 0.411076 84.000000 1343.000000 0.423870
0.424367 0.431771 0.562338 0.390647 68.000000 0.424058 71.000000 1373.000000 0.431771
0.440439 0.438259 0.567530 0.396912 53.000000 0.434876 15.000000 1425.000000 0.438259
0.434257 0.448052 0.569477 0.406805 -17.000000 0.432712 -13.000000 1405.000000 0.448052
0.437657 0.460036 0.572722 0.418157 52.000000 0.429621 36.000000 1416.000000 0.460036
0.448475 0.472274 0.578563 0.429307 116.000000 0.447239 142.000000 1451.000000 0.472274
0.468565 0.482259 0.584728 0.438193 111.000000 0.468565 129.000000 1516.000000 0.482259
0.479383 0.491527 0.590245 0.446901 27.000000 0.477838 17.000000 1551.000000 0.491527
0.478147 0.503126 0.593165 0.458120 5.000000 0.478765 -17.000000 1547.000000 0.503126
0.486492 0.515573 0.597384 0.469693 71.000000 0.491746 90.000000 1574.000000 0.515573
0.498855 0.527628 0.604198 0.480726 95.000000 0.502255 132.000000 1614.000000 0.527628
0.511218 0.539022 0.610039 0.491224 88.000000 0.524200 114.000000 1654.000000 0.539022
0.522654 0.549913 0.615231 0.501401 70.000000 0.540581 92.000000 1691.000000 0.549913
0.531927 0.560827 0.619450 0.511740 18.000000 0.546144 68.000000 1721.000000 0.560827
0.545217 0.570987 0.625615 0.521344 30.000000 0.549235 9.000000 1764.000000 0.570987
0.551708 0.581747 0.629834 0.531736 100.000000 0.557889 50.000000 1785.000000 0.581747
0.569016 0.590989 0.635999 0.540496 153.000000 0.570871 97.000000 1841.000000 0.590989
0.589416 0.597573 0.641191 0.546948 104.000000 0.586634 84.000000 1907.000000 0.597573
0.594052 0.604797 0.644436 0.554620 21.000000 0.590034 10.000000 1922.000000 0.604797
0.595906 0.614001 0.649304 0.564121 6.000000 0.593743 5.000000 1928.000000 0.614001
0.598997 0.625179 0.653198 0.575158 30.000000 0.598997 41.000000 1938.000000 0.625179
0.607033 0.637199 0.656118 0.586618 99.000000 0.605179 78.000000 1964.000000 0.637199
0.626196 0.647318 0.663257 0.596021 113.000000 0.622796 136.000000 2026.000000 0.647318
0.637632 0.656681 0.670396 0.605106 51.000000 0.635159 59.000000 2063.000000 0.656681
0.640414 0.667483 0.674615 0.615806 18.000000 0.641341 49.000000 2072.000000 0.667483
0.644123 0.679983 0.676886 0.627901 8.000000 0.646595 7.000000 2084.000000 0.679983
0.657722 0.692009 0.680780 0.639178 81.000000 0.670085 86.000000 2128.000000 0.692009
0.673485 0.702609 0.691164 0.649161 128.000000 0.682449 160.000000 2179.000000 0.702609
0.687703 0.711941 0.696032 0.658208 118.000000 0.686776 92.000000 2225.000000 0.711941
0.704702 0.719438 0.701548 0.665703 55.000000 0.701612 35.000000 2280.000000 0.719438
0.702539 0.729273 0.704793 0.675929 45.000000 0.706866 3.000000 2273.000000 0.729273
0.712120 0.739708 0.706416 0.686244 48.000000 0.711811 36.000000 2304.000000 0.739708
0.725102 0.749593 0.716151 0.695891 106.000000 0.723556 52.000000 2346.000000 0.749593
0.739319 0.758411 0.719072 0.704598 104.000000 0.741174 93.000000 2392.000000 0.758411
0.753846 0.765995 0.725886 0.712303 56.000000 0.743956 41.000000 2439.000000 0.765995
0.752919 0.775770 0.728158 0.722459 7.000000 0.750446 20.000000 2436.000000 0.775770
0.762191 0.786177 0.732052 0.732770 14.000000 0.755082 53.000000 2466.000000 0.786177
0.769918 0.797211 0.737244 0.743582 58.000000 0.762809 75.000000 2491.000000 0.797211
0.783827 0.807487 0.741787 0.753513 103.000000 0.781354 109.000000 2536.000000 0.807487
0.794645 0.817403 0.746654 0.763261 51.000000 0.790627 82.000000 2571.000000 0.817403
0.801444 0.827949 0.751522 0.773724 32.000000 0.802372 62.000000 2593.000000 0.827949
0.810408 0.838848 0.757038 0.784412 40.000000 0.811953 57.000000 2622.000000 0.838848
0.818135 0.850312 0.762555 0.795603 75.000000 0.822771 86.000000 2647.000000 0.850312
0.832971 0.860794 0.767098 0.805707 83.000000 0.839461 120.000000 2695.000000 0.860794
0.841316 0.871425 0.773588 0.816182 99.000000 0.851824 94.000000 2722.000000 0.871425
0.851515 0.882031 0.779104 0.826611 75.000000 0.866660 61.000000 2755.000000 0.882031
0.868515 0.891062 0.786243 0.835478 65.000000 0.869751 63.000000 2810.000000 0.891062
0.875624 0.900410 0.788839 0.845000 60.000000 0.880260 67.000000 2833.000000 0.900410
0.899114 0.906824 0.794356 0.851517 68.000000 0.887678 49.000000 2909.000000 0.906824
0.902514 0.914126 0.797925 0.859531 65.000000 0.901586 64.000000 2920.000000 0.914126
0.917040 0.920637 0.801819 0.866545 22.000000 0.902514 -1.000000 2967.000000 0.920637
0.911477 0.930486 0.806038 0.877044 24.000000 0.905604 7.000000 2949.000000 0.930486
0.924149 0.940442 0.808309 0.886933 61.000000 0.912404 46.000000 2990.000000 0.940442
0.927858 0.951811 0.814150 0.898220 73.000000 0.922604 118.000000 3002.000000 0.951811
0.942076 0.962510 0.820316 0.908550 71.000000 0.940840 141.000000 3048.000000 0.962510
0.950112 0.973488 0.824859 0.919313 18.000000 0.948876 70.000000 3074.000000 0.973488
0.959075 0.984735 0.830051 0.930300 44.000000 0.955984 39.000000 3103.000000 0.984735
0.969275 0.995972 0.833945 0.941235 68.000000 0.967111 82.000000 3136.000000 0.995972
0.977620 1.007557 0.841733 0.952533 88.000000 0.983493 123.000000 3163.000000 1.007557
0.993383 1.017906 0.846925 0.962538 84.000000 1.006674 99.000000 3214.000000 1.017906
1.010383 1.004129 0.851792 0.948686 72.000000 1.016873 62.000000 3269.000000 1.004129
1.014091 0.981991 0.856984 0.931951 44.000000 1.027382 63.000000 3281.000000 0.981991
1.009146 0.957072 0.849196 0.914250 -107.000000 1.011001 -112.000000 3265.000000 0.957072
0.975766 0.937123 0.840435 0.901900 -250.000000 0.976693 -353.000000 3157.000000 0.937123
0.949803 0.922308 0.831998 0.893181 -141.000000 0.949494 -165.000000 3073.000000 0.922308
0.939603 0.909040 0.822912 0.884539 -55.000000 0.936512 -68.000000 3040.000000 0.909040
0.934349 0.895289 0.816746 0.874865 -42.000000 0.930022 -35.000000 3023.000000 0.895289
0.919822 0.882621 0.810256 0.866228 -82.000000 0.917659 -104.000000 2976.000000 0.882621
0.912095 0.869874 0.804415 0.857098 -71.000000 0.909622 -55.000000 2951.000000 0.869874
0.899732 0.857794 0.798250 0.848512 -92.000000 0.899423 -82.000000 2911.000000 0.857794
0.884587 0.847163 0.792409 0.841082 -163.000000 0.884896 -140.000000 2862.000000 0.847163
0.858006 0.840696 0.788515 0.837348 -87.000000 0.868206 -76.000000 2776.000000 0.840696
0.855533 0.833609 0.782674 0.831908 34.000000 0.865424 74.000000 2768.000000 0.833609
0.863570 0.822406 0.779429 0.822436 32.000000 0.871606 -7.000000 2794.000000 0.822406
0.849352 0.811266 0.776508 0.813926 -149.000000 0.858315 -122.000000 2748.000000 0.811266
0.831734 0.801952 0.770343 0.807124 -150.000000 0.840079 -182.000000 2691.000000 0.801952
0.823389 0.792791 0.767422 0.799949 -23.000000 0.825553 -50.000000 2664.000000 0.792791
0.822771 0.781649 0.762230 0.790681 12.000000 0.828025 5.000000 2662.000000 0.781649
0.813189 0.770040 0.758012 0.781334 -49.000000 0.819062 -51.000000 2631.000000 0.770040
0.799590 0.759228 0.753144 0.772802 -96.000000 0.802681 -126.000000 2587.000000 0.759228
0.789390 0.748739 0.747628 0.764319 -47.000000 0.783209 -63.000000 2554.000000 0.748739
0.785681 0.737004 0.742436 0.754435 -55.000000 0.778263 -71.000000 2542.000000 0.737004
0.766827 0.727043 0.737244 0.746539 -82.000000 0.768064 -108.000000 2481.000000 0.727043
0.762191 0.716371 0.731727 0.737442 -53.000000 0.756010 -56.000000 2466.000000 0.716371
0.757864 0.704340 0.727184 0.727085 -25.000000 0.750755 -21.000000 2452.000000 0.704340
0.748283 0.691984 0.724588 0.716648 -49.000000 0.745501 -61.000000 2421.000000 0.691984
0.735301 0.680307 0.716800 0.706887 -135.000000 0.728192 -96.000000 2379.000000 0.680307
0.705011 0.673392 0.710310 0.701655 -121.000000 0.717684 -75.000000 2281.000000 0.673392
0.698212 0.666887 0.707390 0.695680 -17.000000 0.709957 -27.000000 2259.000000 0.666887
0.698830 0.658111 0.704144 0.687319 -48.000000 0.713975 -22.000000 2261.000000 0.658111
0.690794 0.648401 0.701873 0.678523 -55.000000 0.698521 -61.000000 2235.000000 0.648401
0.676885 0.639393 0.694409 0.670604 -57.000000 0.689557 -29.000000 2190.000000 0.639393
0.672249 0.629390 0.689866 0.661486 -42.000000 0.686158 -31.000000 2175.000000 0.629390
0.664213 0.618768 0.687270 0.651937 -59.000000 0.678122 -99.000000 2149.000000 0.618768
0.652468 0.608449 0.684025 0.642786 -96.000000 0.661740 -129.000000 2111.000000 0.608449
0.637014 0.599466 0.678509 0.634855 -65.000000 0.653704 -75.000000 2061.000000 0.599466
0.633305 0.589419 0.670072 0.625516 -40.000000 0.637323 -9.000000 2049.000000 0.589419
0.631141 0.577421 0.666178 0.614435 -38.000000 0.625578 -61.000000 2042.000000 0.577421
0.621869 0.564881 0.662608 0.603209 -89.000000 0.621869 -99.000000 2012.000000 0.564881
0.611051 0.552473 0.658390 0.592180 -102.000000 0.609197 -72.000000 1977.000000 0.552473
0.596524 0.541172 0.651251 0.582171 -72.000000 0.596833 -94.000000 1930.000000 0.541172
0.586016 0.530286 0.644436 0.572277 -84.000000 0.587252 -73.000000 1896.000000 0.530286
0.573034 0.520199 0.640218 0.563048 -61.000000 0.574271 -52.000000 1854.000000 0.520199
0.564380 0.510021 0.635350 0.553514 -13.000000 0.569325 -16.000000 1826.000000 0.510021
0.552635 0.500239 0.629834 0.544368 -108.000000 0.561907 -57.000000 1788.000000 0.500239
0.537490 0.491716 0.625615 0.536365 -96.000000 0.547381 -87.000000 1739.000000 0.491716
0.528527 0.483250 0.621072 0.528119 -60.000000 0.536872 -82.000000 1710.000000 0.483250
0.518636 0.474776 0.616529 0.519841 -10.000000 0.526981 -56.000000 1678.000000 0.474776
0.519254 0.463937 0.612635 0.509190 -19.000000 0.529454 -19.000000 1680.000000 0.463937
0.505964 0.453338 0.606470 0.499285 -53.000000 0.520800 -43.000000 1637.000000 0.453338
0.498855 0.442182 0.604847 0.488739 -95.000000 0.505037 -113.000000 1614.000000 0.442182
0.487110 0.431330 0.598357 0.478591 -93.000000 0.492055 -87.000000 1576.000000 0.431330
0.474438 0.421176 0.595112 0.469043 -51.000000 0.470420 -88.000000 1535.000000 0.421176
0.464856 0.411106 0.587649 0.459401 -59.000000 0.466711 -59.000000 1504.000000 0.411106
0.468256 0.398086 0.579861 0.446770 -33.000000 0.461147 -42.000000 1515.000000 0.398086
0.450948 0.386101 0.579212 0.435789 -70.000000 0.447548 -39.000000 1459.000000 0.386101
0.437039 0.375260 0.572722 0.425686 -125.000000 0.436112 -92.000000 1414.000000 0.375260
0.418185 0.366670 0.567854 0.417555 -119.000000 0.420349 -86.000000 1353.000000 0.366670
0.410458 0.358061 0.560715 0.408902 -56.000000 0.413549 -39.000000 1328.000000 0.358061
0.406131 0.348175 0.554550 0.398974 -17.000000 0.409840 -8.000000 1314.000000 0.348175
0.401186 0.336894 0.552603 0.387921 -30.000000 0.403658 -55.000000 1298.000000 0.336894
0.383568 0.327038 0.546762 0.378577 -114.000000 0.393150 -89.000000 1241.000000 0.327038
0.365951 0.319203 0.542219 0.370926 -101.000000 0.378623 -87.000000 1184.000000 0.319203
0.355133 0.311973 0.536378 0.363442 -60.000000 0.365951 -49.000000 1149.000000 0.311973
0.353278 0.303034 0.533457 0.354128 -23.000000 0.360696 -55.000000 1143.000000 0.303034
0.341224 0.294183 0.529563 0.345274 -11.000000 0.356369 -31.000000 1104.000000 0.294183
0.340606 0.283260 0.525020 0.334326 -48.000000 0.350188 -65.000000 1102.000000 0.283260
0.328861 0.272307 0.519828 0.323780 -58.000000 0.336279 -118.000000 1064.000000 0.272307
0.314643 0.262317 0.514636 0.314183 -67.000000 0.318043 -95.000000 1018.000000 0.262317
0.304753 0.252523 0.512040 0.304562 -76.000000 0.302589 -77.000000 986.000000 0.252523
0.303207 0.240896 0.504252 0.293055 -33.000000 0.301971 -62.000000 981.000000 0.240896
0.296717 0.228127 0.500033 0.280779 -35.000000 0.290226 -67.000000 960.000000 0.228127
0.292390 0.213897 0.494841 0.267254 -89.000000 0.285590 -77.000000 946.000000 0.213897
0.268591 0.202497 0.489000 0.256828 -86.000000 0.267045 -78.000000 869.000000 0.202497
0.253755 0.192801 0.483808 0.247477 -113.000000 0.255300 -69.000000 821.000000 0.192801
0.243246 0.183576 0.476345 0.238228 -46.000000 0.248191 -6.000000 787.000000 0.183576
0.232119 0.174692 0.471477 0.229221 -77.000000 0.242010 -30.000000 751.000000 0.174692
0.229646 0.164190 0.466934 0.218525 -60.000000 0.236137 -61.000000 743.000000 0.164190
0.215120 0.154367 0.462716 0.208843 -75.000000 0.222538 -100.000000 696.000000 0.154367
0.196575 0.146595 0.457524 0.201063 -63.000000 0.213883 -93.000000 636.000000 0.146595
0.187302 0.139065 0.451034 0.193104 -90.000000 0.198429 -59.000000 606.000000 0.139065
0.180194 0.130915 0.448438 0.184488 -22.000000 0.189775 -33.000000 583.000000 0.130915
0.182666 0.119838 0.444544 0.173085 -22.000000 0.191011 -32.000000 591.000000 0.119838
0.171848 0.108356 0.439676 0.161881 -80.000000 0.180503 -107.000000 556.000000 0.108356
0.161340 0.096933 0.435133 0.150801 -102.000000 0.166594 -123.000000 522.000000 0.096933
0.148358 0.086215 0.428643 0.140395 -60.000000 0.147740 -114.000000 480.000000 0.086215
0.136922 0.075977 0.424100 0.130311 -48.000000 0.137850 -67.000000 443.000000 0.075977
0.130432 0.065063 0.419882 0.119443 -64.000000 0.124868 -52.000000 422.000000 0.065063
0.123941 0.053242 0.414041 0.107798 -67.000000 0.121778 -48.000000 401.000000 0.053242
0.110651 0.041996 0.409498 0.096896 -86.000000 0.114051 -75.000000 358.000000 0.041996
0.098597 0.031344 0.402034 0.086454 -131.000000 0.106633 -90.000000 319.000000 0.031344
0.093960 0.019626 0.397167 0.074815 -128.000000 0.090251 -106.000000 304.000000 0.019626
0.068616 0.011134 0.391001 0.066606 -41.000000 0.079434 -27.000000 222.000000 0.011134
0.059034 0.003184 0.385160 0.058284 -110.000000 0.073561 -66.000000 191.000000 0.003184
0.048526 -0.004570 0.381915 0.050062 -70.000000 0.061816 -32.000000 157.000000 -0.004570
0.046980 -0.014197 0.377697 0.039942 -59.000000 0.056562 -80.000000 152.000000 -0.014197
0.033072 -0.023333 0.373478 0.030698 -45.000000 0.047907 -77.000000 107.000000 -0.023333
0.028744 -0.033640 0.369260 0.020185 -52.000000 0.036471 -68.000000 93.000000 -0.033640
0.014527 -0.043234 0.362770 0.010620 -55.000000 0.021017 -86.000000 47.000000 -0.043234
0.008963 -0.053673 0.360174 0.000063 -43.000000 0.017308 -39.000000 29.000000 -0.053673
