-0.210653 
-0.177479 
-0.113398 
-0.068254 
-0.042832 
-0.025849 
-0.008748 
0.009430 
0.023998 
0.040193 
0.057023 
0.074077 
0.089575 
0.105050 
0.123392 
0.140870 
0.158037 
0.177387 
0.196740 
0.216447 
0.236663 
0.260067 
0.280972 
0.303611 
0.327548 
0.351956 
0.375807 
0.399830 
0.429032 
0.454790 
0.481528 
0.508212 
0.534590 
0.563718 
0.590472 
0.619270 
0.647907 
0.675739 
0.705037 
0.733986 
0.762132 
0.790581 
0.820045 
0.849683 
0.879624 
0.908249 
0.938411 
0.967127 
0.995309 
1.022892 
1.050788 
1.078548 
1.103772 
1.130686 
1.157476 
1.183113 
1.209485 
1.232839 
1.256819 
1.279230 
1.303525 
1.326537 
1.345494 
1.366383 
1.385264 
1.405600 
1.423258 
1.440927 
1.457397 
1.472244 
1.486408 
1.499078 
1.513728 
1.524100 
1.533868 
1.542230 
1.550333 
1.560106 
1.565301 
1.569020 
1.572030 
1.575879 
1.578613 
1.577698 
1.576051 
1.575036 
1.572123 
1.568683 
1.563553 
1.557329 
1.550412 
1.542037 
1.533976 
1.523715 
1.512444 
1.499799 
1.486196 
1.472441 
1.456812 
1.440706 
1.423767 
1.404671 
1.386375 
1.366974 
1.346509 
1.324442 
1.302571 
1.279969 
1.256491 
1.232189 
1.206919 
1.182099 
1.156030 
1.129937 
1.102904 
1.074405 
1.048783 
1.020063 
0.991421 
0.962138 
0.933253 
0.905215 
0.875169 
0.845125 
0.815148 
0.785885 
0.756818 
0.728203 
0.699717 
0.670255 
0.641244 
0.611969 
0.583271 
0.555212 
0.527855 
0.498729 
0.471592 
0.445728 
0.419635 
0.394540 
0.367578 
0.343476 
0.319953 
0.297253 
0.276209 
0.251806 
0.232271 
0.211027 
0.193379 
0.176056 
0.157933 
0.141384 
0.125473 
0.112180 
0.097646 
0.086769 
0.074902 
0.064411 
0.054929 
0.046283 
0.040439 
0.033911 
0.027882 
0.023726 
0.021454 
0.021657 
0.019863 
0.019773 
0.020610 
0.024708 
0.030308 
0.033708 
0.038206 
0.044959 
0.053563 
0.063808 
0.073143 
0.084079 
0.096204 
0.108517 
0.122940 
0.138466 
0.154676 
0.171926 
0.187647 
0.207252 
0.226810 
0.247833 
0.269111 
0.290015 
0.313222 
0.336543 
0.360512 
0.384686 
0.410961 
0.436944 
0.462580 
0.489955 
0.516284 
0.545792 
0.573746 
0.602032 
0.630394 
0.658965 
0.688849 
0.717454 
0.747247 
0.776215 
0.805268 
0.834343 
0.864544 
0.894637 
0.923975 
0.953274 
0.983247 
1.010133 
1.037762 
1.065879 
1.092865 
1.120217 
1.146901 
1.172859 
1.199202 
1.222368 
1.246975 
1.271216 
1.294456 
1.318393 
1.336943 
1.358432 
1.378721 
1.399131 
1.418255 
1.434103 
1.451311 
1.465752 
1.482257 
1.496315 
1.509064 
1.521253 
1.530907 
1.541118 
1.549136 
1.558057 
1.564164 
1.568804 
1.572547 
1.575773 
1.580225 
1.580834 
1.579545 
1.577913 
1.575357 
1.573632 
1.568458 
1.561600 
1.555402 
1.549296 
1.542127 
1.531188 
1.519810 
1.508013 
1.495240 
1.481907 
1.466681 
1.451928 
1.436514 
1.417359 
1.398979 
1.380245 
1.359640 
1.339351 
1.316694 
1.295418 
1.272454 
1.248631 
1.223611 
1.198225 
1.173696 
1.147548 
1.120616 
1.092374 
1.066386 
1.039010 
1.010699 
0.981512 
0.951900 
0.924653 
0.894381 
0.864848 
0.835729 
0.805722 
0.776647 
0.746815 
0.718820 
0.689612 
0.660618 
0.632291 
0.602552 
0.573801 
0.545709 
0.517560 
0.491168 
0.463086 
0.436490 
0.411243 
0.385065 
0.359959 
0.335979 
0.312401 
0.290637 
0.266651 
0.245747 
0.225053 
0.206366 
0.189340 
0.168761 
0.151677 
0.134817 
0.122112 
0.109311 
0.093331 
0.081602 
0.069866 
0.061266 
0.051542 
0.043828 
0.037560 
0.031391 
0.026894 
0.022520 
0.022176 
0.019831 
0.019384 
0.020057 
0.021462 
0.027295 
0.031514 
0.034697 
0.040531 
0.048811 
0.058938 
0.066416 
0.076482 
0.087753 
0.100398 
0.114390 
0.127756 
0.143385 
0.159880 
0.176430 
0.194942 
0.214017 
0.233613 
0.255051 
0.275170 
0.297627 
0.320812 
0.345069 
0.369176 
0.393084 
0.419072 
0.445141 
0.471428 
0.499045 
0.526571 
0.554918 
0.582859 
0.610918 
0.639032 
0.669281 
0.697513 
0.727364 
0.757019 
0.785828 
0.814896 
0.844548 
0.875304 
0.904374 
0.932668 
0.963821 
0.991149 
1.019263 
1.046543 
1.075068 
1.103805 
1.128800 
1.154859 
1.181536 
1.206631 
1.231840 
1.255553 
1.278882 
1.302165 
1.323014 
1.345081 
1.365979 
1.386249 
1.406819 
1.422389 
1.439928 
1.456282 
1.473167 
1.488991 
1.499436 
1.512065 
1.522763 
1.534813 
1.544879 
1.552357 
1.559952 
1.564339 
1.570173 
1.574719 
1.578548 
1.579708 
1.579556 
1.578866 
1.576082 
1.575879 
1.571446 
1.566489 
1.559655 
1.553097 
1.548191 
1.538336 
1.527249 
1.516507 
1.504187 
1.493237 
1.476868 
1.461731 
1.446689 
1.429050 
1.411771 
1.392750 
1.373777 
1.353533 
1.331670 
1.309598 
1.286780 
1.264822 
1.241243 
1.215316 
1.190794 
1.165200 
1.138396 
1.111411 
1.083718 
1.056937 
1.029761 
1.001475 
0.971555 
0.943374 
0.914658 
0.884690 
0.855287 
0.825151 
0.795513 
0.766049 
0.737016 
0.709259 
0.678558 
0.651985 
0.622012 
0.593180 
0.564382 
0.536070 
0.509863 
0.481149 
0.454270 
0.428311 
0.402163 
0.378023 
0.352054 
0.327813 
0.305157 
0.281415 
0.259749 
0.239234 
0.219140 
0.200482 
0.181164 
0.163563 
0.146550 
0.131525 
0.119108 
0.101935 
0.089381 
0.076803 
0.067927 
0.059468 
0.048335 
0.040777 
0.033113 
0.030225 
0.025898 
0.022087 
0.020167 
0.019168 
0.020068 
0.020726 
0.024255 
0.027344 
0.031544 
0.036066 
0.042653 
0.053043 
0.060796 
0.069593 
0.080972 
0.092379 
0.106320 
0.118484 
0.132543 
0.148853 
0.165630 
0.184201 
0.200439 
0.220146 
0.240557 
0.261041 
0.283113 
0.305363 
0.328716 
0.352540 
0.376391 
0.402750 
0.427669 
0.453817 
0.481333 
0.507628 
0.536342 
0.564107 
0.592224 
0.620243 
0.649270 
0.678854 
0.707374 
0.736712 
0.766026 
0.795448 
0.824328 
0.854356 
0.884881 
0.912921 
0.943473 
0.972384 
1.000955 
1.028927 
1.055072 
1.085168 
1.110976 
1.137695 
1.164680 
1.189927 
1.216495 
1.239849 
1.262855 
1.285265 
1.309366 
1.332767 
1.352503 
1.372224 
1.392468 
1.410857 
1.429294 
1.446183 
1.462849 
1.478670 
1.490692 
1.503751 
1.515869 
1.528578 
1.540099 
1.546124 
1.554811 
1.560301 
1.568222 
1.573693 
1.574951 
1.577436 
1.577640 
1.579840 
1.579361 
1.577177 
1.574070 
1.568878 
1.564332 
1.557135 
1.551775 
1.544374 
1.534949 
1.524104 
1.511860 
1.501162 
1.486586 
1.472831 
1.457201 
1.440706 
1.425130 
1.405255 
1.386180 
1.366584 
1.346315 
1.325416 
1.302960 
1.279774 
1.256686 
1.231800 
1.207308 
1.181709 
1.156225 
1.130326 
1.102515 
1.075573 
1.047420 
1.019479 
0.991421 
0.961944 
0.933642 
0.904242 
0.874975 
0.845515 
0.815148 
0.785885 
0.756818 
0.728203 
0.698159 
0.670060 
0.641244 
0.612358 
0.583465 
0.553460 
0.527855 
0.500286 
0.471787 
0.445533 
0.419246 
0.395319 
0.368746 
0.344255 
0.319953 
0.297448 
0.276209 
0.253364 
0.232076 
0.212585 
0.194352 
0.176251 
0.158517 
0.141578 
0.126835 
0.111595 
0.097840 
0.085795 
0.074902 
0.065968 
0.053760 
0.046283 
0.038882 
0.033717 
0.029829 
0.023141 
0.020286 
0.017957 
0.020057 
0.021915 
0.021973 
0.023539 
0.026804 
0.032735 
0.038206 
0.045932 
0.055705 
0.064392 
0.073532 
0.082522 
0.096789 
0.109491 
0.123718 
0.138077 
0.153314 
0.172705 
0.189399 
0.207252 
0.226810 
0.247833 
0.269890 
0.290210 
0.312638 
0.336738 
0.360706 
0.385854 
0.409987 
0.435970 
0.463748 
0.489371 
0.517258 
0.545013 
0.572578 
0.602227 
0.629810 
0.659354 
0.688460 
0.716676 
0.746273 
0.775825 
0.805658 
0.834538 
0.864739 
0.894443 
0.923586 
0.953469 
0.981690 
1.009548 
1.036789 
1.065879 
1.093449 
1.120606 
1.146706 
1.171497 
1.199592 
1.223731 
1.247754 
1.271410 
1.294066 
1.318198 
1.339085 
1.359016 
1.378332 
1.399131 
1.419423 
1.436050 
1.451700 
1.467504 
1.482062 
1.496315 
1.508869 
1.520668 
1.532465 
1.540339 
1.549136 
1.557279 
1.564553 
1.571141 
1.571963 
1.575968 
1.577304 
1.579666 
1.581492 
1.577329 
1.575163 
1.570516 
1.567874 
1.562768 
1.556571 
1.550075 
1.540958 
1.530994 
1.518641 
1.508597 
1.496409 
1.482297 
1.468044 
1.450371 
1.435930 
1.418332 
1.399758 
1.380051 
1.359640 
1.340324 
1.317668 
1.295029 
1.272260 
1.248046 
1.224974 
1.198420 
1.173502 
1.147743 
1.120616 
1.093932 
1.066191 
1.038232 
1.010504 
0.981122 
0.952679 
0.924069 
0.894770 
0.865238 
0.834950 
0.805138 
0.776453 
0.747204 
0.718626 
0.689028 
0.660618 
0.631318 
0.602163 
0.573411 
0.545515 
0.518339 
0.490194 
0.463086 
0.435906 
0.411633 
0.386039 
0.360154 
0.336369 
0.311622 
0.291221 
0.268403 
0.246136 
0.224858 
0.206561 
0.189535 
0.170319 
0.152261 
0.136375 
0.122306 
0.109116 
0.094499 
0.081212 
0.070840 
0.060682 
0.051736 
0.044023 
0.037171 
0.031975 
0.025725 
0.022715 
0.020619 
0.019831 
0.020747 
0.019863 
0.022046 
0.023595 
0.030151 
0.036838 
0.041115 
0.048422 
0.057575 
0.066611 
0.076093 
0.088142 
0.100787 
0.113611 
0.127950 
0.142606 
0.160270 
0.176819 
0.194942 
0.214406 
0.233223 
0.256024 
0.275560 
0.298600 
0.320228 
0.344679 
0.369955 
0.393668 
0.418877 
0.445725 
0.471818 
0.500018 
0.525987 
0.554334 
0.582859 
0.610723 
0.640006 
0.668892 
0.697513 
0.726780 
0.756045 
0.785439 
0.814896 
0.844158 
0.874915 
0.904180 
0.934031 
0.962652 
0.991149 
1.018679 
1.046932 
1.075068 
1.102053 
1.128605 
1.154859 
1.181925 
1.207020 
1.231451 
1.255748 
1.278103 
1.302749 
1.324182 
1.345470 
1.365395 
1.385665 
1.407403 
1.424530 
1.440512 
1.455893 
1.472972 
1.489186 
1.501383 
1.512260 
1.523542 
1.534618 
1.545074 
1.553135 
1.559563 
1.566480 
1.570173 
1.574135 
1.576991 
1.579124 
1.581503 
1.577893 
1.576861 
1.573737 
1.571836 
1.568630 
1.559460 
1.553291 
1.546439 
1.536973 
1.526859 
1.516312 
1.504966 
1.491680 
1.477257 
1.461536 
1.446883 
1.429829 
1.411576 
1.392945 
1.372219 
1.353922 
1.331670 
1.310377 
1.287949 
1.264238 
1.242022 
1.215706 
1.190405 
1.164811 
1.138590 
1.113163 
1.084886 
1.057131 
1.029177 
1.000306 
0.972139 
0.943568 
0.913879 
0.884300 
0.854897 
0.824956 
0.795318 
0.766243 
0.738573 
0.708870 
0.679726 
0.650233 
0.621623 
0.593569 
0.564187 
0.536070 
0.508111 
0.480954 
0.454464 
0.428311 
0.402747 
0.376855 
0.352249 
0.327229 
0.305157 
0.282583 
0.260333 
0.239429 
0.218166 
0.201650 
0.182332 
0.164147 
0.146939 
0.131525 
0.118914 
0.103882 
0.089381 
0.077776 
0.068121 
0.059858 
0.049504 
0.041166 
0.034670 
0.029641 
0.025703 
0.022671 
0.020751 
0.020337 
0.018705 
0.020726 
0.023087 
0.027150 
0.033102 
0.036066 
0.042458 
0.051290 
0.059628 
0.069982 
0.080582 
0.092379 
0.104957 
0.118679 
0.132543 
0.148269 
0.165630 
0.183033 
0.201413 
0.219562 
0.241336 
0.262014 
0.283308 
0.304974 
0.327548 
0.353514 
0.377949 
0.402556 
0.427280 
0.453622 
0.482112 
0.508407 
0.535953 
0.563718 
0.592030 
0.621217 
0.649660 
0.678270 
0.706984 
0.736712 
0.766026 
0.795448 
0.824718 
0.855135 
0.884492 
0.914284 
0.943084 
0.971995 
1.001150 
1.027759 
1.056435 
1.083805 
1.111560 
1.137695 
1.163512 
1.189927 
1.214353 
1.239459 
1.263049 
1.286434 
1.309560 
1.330820 
1.352308 
1.373003 
1.393831 
1.411636 
1.429099 
1.445794 
1.461486 
1.479448 
1.492639 
1.505114 
1.516648 
1.528384 
1.539904 
1.547877 
1.554617 
1.560885 
1.567248 
1.573693 
1.576314 
1.578215 
1.579976 
1.579256 
1.578582 
1.576398 
1.573486 
1.570825 
1.563748 
1.557914 
1.551386 
1.543790 
1.534560 
1.522936 
1.512834 
1.499994 
1.486781 
1.472247 
1.456228 
1.440901 
1.424352 
1.405839 
1.385986 
1.366584 
1.346509 
1.325027 
1.302765 
1.278606 
1.257270 
1.232578 
1.207503 
1.181904 
1.155251 
1.131689 
1.102904 
1.075963 
1.047810 
1.019869 
0.991031 
0.962333 
0.933837 
0.904242 
0.874975 
0.845125 
0.815343 
0.786080 
0.756428 
0.728203 
0.699522 
0.670255 
0.641049 
0.612553 
0.582881 
0.554823 
0.527076 
0.499702 
0.472566 
0.444949 
0.419830 
0.393566 
0.368551 
0.344644 
0.319953 
0.296669 
0.273484 
0.253948 
0.232660 
0.213169 
0.193768 
0.175472 
0.158322 
0.141189 
0.127614 
0.112958 
0.099203 
0.085600 
0.074318 
0.065968 
0.055902 
0.046283 
0.038687 
0.033327 
0.030413 
0.025478 
0.021064 
0.019320 
0.019668 
0.020747 
0.022168 
0.024124 
0.028361 
0.032540 
0.038401 
0.045543 
0.054537 
0.064002 
0.072754 
0.083885 
0.096010 
0.108712 
0.123329 
0.137882 
0.154871 
0.171537 
0.189205 
0.207252 
0.226420 
0.247638 
0.268916 
0.290988 
0.312638 
0.336738 
0.361096 
0.385465 
0.410376 
0.435192 
0.463554 
0.490734 
0.518036 
0.545402 
0.572383 
0.602422 
0.630005 
0.659354 
0.688265 
0.717454 
0.747636 
0.775825 
0.804295 
0.834343 
0.865323 
0.895221 
0.923586 
0.952885 
0.982079 
1.009743 
1.037762 
1.065684 
1.093839 
1.120411 
1.145733 
1.172275 
1.198229 
1.223342 
1.248922 
1.270437 
1.293482 
1.315083 
1.339280 
1.360573 
1.379305 
1.399326 
1.416308 
1.435076 
1.450921 
1.468088 
1.483620 
1.496315 
1.508675 
1.519695 
1.532855 
1.542092 
1.550109 
1.556695 
1.563775 
1.571141 
1.574494 
1.576747 
1.578083 
1.579860 
1.581298 
1.579082 
1.575163 
1.571879 
1.567485 
1.562768 
1.555987 
1.548907 
1.541542 
1.530799 
1.519810 
1.508208 
1.495435 
1.482102 
1.466681 
1.451928 
1.435930 
1.418332 
1.398979 
1.378688 
1.360030 
1.339546 
1.317863 
1.294639 
1.272454 
1.249215 
1.224584 
1.199199 
1.172723 
1.147743 
1.121201 
1.093737 
1.065996 
1.037453 
1.011283 
0.982096 
0.954042 
0.923874 
0.893797 
0.865432 
0.834950 
0.805333 
0.775674 
0.747204 
0.720183 
0.689612 
0.660618 
0.631707 
0.601578 
0.573606 
0.545515 
0.518923 
0.490778 
0.462697 
0.436490 
0.410659 
0.385455 
0.361322 
0.335785 
0.311817 
0.288300 
0.267819 
0.248278 
0.225637 
0.206171 
0.186419 
0.170319 
0.153235 
0.136180 
0.121528 
0.107558 
0.094694 
0.081407 
0.071813 
0.061850 
0.052126 
0.043633 
0.036002 
0.033144 
0.027478 
0.023299 
0.020229 
0.020026 
0.021915 
0.021420 
0.021852 
0.025348 
0.029956 
0.036449 
0.041505 
0.048422 
0.057186 
0.065832 
0.077261 
0.088337 
0.100592 
0.113806 
0.127366 
0.143190 
0.159880 
0.177014 
0.195137 
0.213627 
0.233807 
0.254077 
0.275560 
0.298211 
0.320618 
0.344679 
0.368592 
0.393862 
0.418683 
0.444751 
0.472402 
0.499629 
0.527350 
0.552971 
0.582665 
0.611502 
0.640395 
0.669086 
0.697318 
0.727948 
0.756240 
0.785049 
0.814896 
0.844548 
0.876277 
0.904374 
0.933252 
0.962652 
0.991149 
1.020431 
1.046737 
1.074679 
1.102053 
1.128605 
1.155637 
1.181536 
1.207215 
1.231840 
1.255164 
1.278687 
1.300997 
1.324377 
1.347028 
1.365395 
1.385665 
1.404093 
1.424141 
1.442459 
1.456672 
1.472583 
1.485681 
1.500994 
1.513234 
1.524516 
1.535008 
1.543711 
1.552746 
1.559563 
1.566870 
1.571731 
1.575303 
1.577186 
1.578735 
1.581503 
1.580229 
1.577250 
1.573542 
1.571446 
1.568046 
1.561212 
1.553875 
1.546829 
1.537558 
1.528027 
1.516118 
1.503603 
1.491485 
1.477452 
1.461925 
1.446105 
1.429634 
1.412355 
1.392555 
1.372803 
1.353338 
1.332449 
1.310766 
1.286780 
1.264432 
1.240464 
1.215706 
1.189821 
1.164227 
1.139369 
1.112579 
1.084886 
1.056353 
1.029566 
1.001280 
0.971945 
0.942984 
0.913489 
0.885274 
0.855871 
0.825345 
0.795708 
0.766243 
0.738768 
0.708480 
0.679142 
0.650817 
0.621817 
0.594153 
0.564187 
0.536654 
0.508890 
0.480759 
0.455048 
0.427727 
0.402358 
0.377829 
0.352638 
0.328203 
0.304768 
0.282194 
0.261307 
0.239040 
0.219918 
0.200871 
0.182332 
0.164731 
0.146744 
0.131719 
0.116967 
0.103298 
0.089770 
0.078166 
0.068121 
0.058495 
0.049504 
0.040777 
0.035449 
0.029835 
0.025508 
0.022671 
0.019193 
0.020726 
0.020457 
0.021115 
0.022893 
0.026371 
0.033102 
0.036844 
0.043237 
0.051096 
0.060212 
0.070956 
0.079998 
0.091405 
0.104762 
0.118095 
0.133322 
0.148463 
0.165436 
0.183617 
0.200634 
0.220341 
0.240557 
0.261430 
0.283503 
0.305169 
0.328522 
0.352735 
0.376391 
0.402556 
0.427864 
0.454401 
0.480554 
0.508017 
0.535174 
0.563328 
0.592614 
0.621022 
0.649660 
0.678270 
0.707569 
0.737101 
0.766221 
0.795448 
0.824523 
0.855135 
0.884103 
0.913311 
0.943279 
0.971605 
1.001929 
1.028927 
1.056435 
1.083416 
1.111366 
1.140032 
1.164291 
1.189538 
1.215326 
1.239654 
1.264218 
1.286434 
1.309560 
1.331794 
1.352698 
1.373392 
1.393247 
1.411441 
1.429684 
1.445405 
1.462654 
1.478085 
1.492055 
1.505309 
1.516648 
1.528384 
1.538736 
1.547098 
1.555201 
1.562053 
1.568027 
1.572330 
1.575730 
1.577047 
1.579782 
1.580229 
1.579556 
1.577372 
1.572318 
1.570241 
1.564527 
1.558692 
1.551580 
1.543011 
1.535339 
1.523326 
1.512055 
1.499994 
1.486781 
1.473804 
1.456617 
1.440122 
1.423573 
1.405644 
1.386764 
1.366779 
1.346120 
1.325027 
1.302376 
1.280164 
1.256880 
1.231605 
1.207698 
1.181320 
1.156030 
1.130132 
1.103099 
1.075963 
1.047226 
1.019869 
0.991615 
0.962917 
0.933253 
0.904047 
0.875169 
0.844931 
0.814953 
0.786080 
0.757207 
0.727814 
0.699133 
0.670255 
0.639686 
0.612553 
0.583660 
0.555407 
0.527466 
0.499897 
0.473929 
0.445144 
0.419246 
0.394540 
0.369135 
0.345423 
0.320537 
0.297253 
0.275820 
0.253559 
0.233244 
0.212780 
0.193963 
0.176251 
0.158128 
0.142747 
0.127030 
0.112374 
0.099203 
0.085600 
0.074902 
0.064411 
0.054929 
0.046867 
0.038687 
0.033327 
0.028466 
0.024504 
0.021259 
0.020099 
0.019863 
0.020163 
0.021584 
0.023345 
0.028167 
0.033319 
0.039374 
0.046322 
0.053563 
0.064586 
0.073143 
0.083690 
0.095620 
0.109102 
0.125081 
0.137882 
0.154482 
0.171537 
0.189205 
0.207836 
0.226810 
0.247443 
0.268722 
0.289625 
0.313027 
0.337128 
0.360317 
0.385854 
0.410376 
0.436944 
0.462580 
0.489371 
0.517063 
0.544623 
0.573162 
0.602032 
0.630589 
0.659354 
0.687876 
0.717260 
0.746663 
0.775436 
0.805268 
0.834538 
0.864739 
0.894637 
0.923391 
0.951911 
0.982274 
1.010133 
1.038151 
1.065295 
1.091892 
1.121579 
1.147290 
1.173054 
1.198813 
1.223731 
1.250480 
1.271216 
1.293482 
1.317030 
1.338696 
1.360768 
1.379889 
1.399715 
1.418060 
1.434492 
1.451700 
1.467699 
1.482646 
1.496704 
1.508480 
1.520668 
1.531686 
1.541508 
1.550499 
1.556889 
1.564359 
1.569194 
1.573326 
1.576357 
1.578278 
1.580055 
1.579740 
1.578303 
1.575163 
1.572463 
1.568653 
1.563352 
1.556376 
1.547154 
1.540569 
1.531383 
1.520199 
1.508597 
1.494851 
1.483465 
1.467265 
1.451539 
1.435345 
1.417943 
1.400926 
1.379856 
1.359446 
1.339546 
1.317668 
1.296002 
1.271870 
1.248631 
1.224390 
1.198420 
1.173307 
1.146964 
1.120811 
1.094711 
1.065607 
1.038037 
1.010699 
0.982290 
0.953263 
0.923290 
0.894770 
0.865238 
0.834560 
0.805333 
0.776063 
0.747788 
0.718626 
0.688833 
0.659450 
0.631512 
0.602941 
0.573996 
0.545125 
0.516781 
0.491362 
0.463865 
0.437464 
0.411049 
0.385455 
0.362295 
0.336174 
0.313179 
0.290442 
0.268403 
0.248278 
0.226026 
0.206171 
0.187977 
0.170124 
0.153624 
0.136959 
0.121917 
0.107364 
0.093915 
0.082381 
0.071424 
0.061656 
0.052710 
0.043439 
0.036976 
0.031197 
0.026894 
0.023494 
0.020619 
0.019831 
0.019773 
0.020447 
0.022630 
0.025153 
0.029956 
0.035086 
0.040920 
0.047059 
0.056991 
0.067000 
0.076677 
0.087947 
0.099619 
0.114779 
0.128729 
0.143190 
0.159686 
0.176624 
0.196500 
0.214211 
0.233807 
0.254661 
0.275949 
0.298795 
0.320812 
0.344290 
0.368592 
0.393473 
0.419656 
0.445530 
0.471623 
0.499629 
0.526376 
0.554140 
0.582470 
0.610723 
0.640395 
0.668697 
0.697513 
0.726975 
0.756045 
0.785633 
0.815091 
0.844353 
0.874720 
0.903790 
0.932668 
0.962458 
0.991733 
1.019847 
1.047127 
1.073705 
1.102053 
1.129384 
1.155637 
1.181536 
1.205852 
1.233203 
1.256527 
1.279855 
1.302554 
1.324572 
1.347222 
1.365785 
1.385860 
1.405845 
1.424336 
1.442653 
1.457645 
1.472583 
1.486655 
1.500020 
1.512844 
1.524321 
1.535397 
1.545463 
1.552746 
1.559952 
1.566091 
1.570952 
1.574330 
1.577186 
1.579514 
1.579945 
1.578866 
1.577445 
1.574516 
1.571251 
1.566683 
1.560433 
1.553486 
1.546244 
1.537363 
1.527638 
1.515923 
1.502824 
1.491874 
1.478036 
1.462704 
1.445910 
1.428271 
1.413134 
1.393724 
1.373582 
1.353143 
1.332060 
1.311545 
1.287170 
1.264043 
1.239685 
1.215706 
1.192157 
1.164616 
1.138396 
1.112384 
1.084302 
1.056742 
1.028982 
1.001085 
0.972918 
0.942400 
0.913489 
0.884690 
0.855287 
0.824761 
0.795513 
0.766827 
0.737989 
0.708675 
0.679532 
0.650428 
0.622402 
0.592790 
0.563798 
0.535681 
0.509279 
0.481928 
0.454659 
0.427727 
0.401384 
0.378023 
0.353222 
0.328981 
0.305352 
0.282194 
0.262475 
0.240403 
0.219724 
0.200482 
0.181943 
0.166289 
0.147523 
0.131719 
0.116967 
0.102908 
0.091328 
0.078750 
0.067732 
0.058495 
0.048920 
0.041555 
0.034086 
0.029641 
0.026482 
0.021893 
0.020361 
0.019558 
0.019873 
0.022089 
0.022308 
0.026955 
0.032128 
0.037234 
0.043042 
0.050706 
0.059823 
0.070177 
0.079998 
0.091016 
0.104957 
0.118874 
0.133322 
0.148463 
0.164073 
0.183812 
0.201607 
0.220925 
0.240946 
0.260651 
0.284476 
0.305753 
0.328911 
0.352345 
0.376781 
0.403724 
0.427669 
0.454012 
0.480554 
0.508017 
0.536342 
0.563718 
0.592224 
0.621411 
0.649270 
0.678270 
0.707763 
0.736517 
0.765637 
0.795059 
0.824913 
0.854745 
0.884492 
0.913895 
0.942694 
0.971995 
1.000566 
1.028733 
1.055656 
1.083221 
1.111560 
1.138863 
1.164875 
1.188954 
1.215521 
1.240238 
1.263634 
1.286823 
1.308782 
1.333157 
1.353282 
1.373782 
1.393052 
1.411636 
1.431241 
1.447157 
1.462654 
1.477696 
1.492055 
1.506282 
1.517038 
1.528189 
1.538736 
1.546708 
1.555395 
1.561858 
1.567832 
1.572330 
1.575145 
1.578215 
1.579976 
1.579840 
1.579166 
1.576009 
1.573681 
1.569657 
1.564722 
1.558887 
1.550996 
1.543206 
1.534560 
1.523326 
1.511276 
1.499605 
1.486781 
1.472831 
1.457201 
1.439733 
1.424157 
1.405839 
1.386959 
1.366779 
1.344757 
1.325805 
1.303544 
1.280553 
1.256880 
1.231800 
1.208671 
1.181904 
1.155640 
1.129353 
1.103489 
1.077131 
1.047615 
1.019479 
0.991226 
0.962333 
0.933642 
0.903852 
0.874585 
0.844541 
0.815343 
0.786080 
0.757207 
0.728787 
0.699327 
0.669866 
0.640855 
0.611385 
0.583076 
0.554823 
0.526882 
0.500092 
0.472955 
0.445338 
0.419440 
0.394345 
0.368941 
0.344644 
0.321121 
0.296475 
0.275820 
0.254727 
0.233439 
0.213558 
0.192989 
0.177030 
0.159491 
0.142747 
0.127030 
0.112180 
0.100372 
0.086185 
0.074513 
0.064216 
0.055318 
0.048035 
0.038882 
0.032938 
0.028661 
0.024310 
0.022233 
0.019904 
0.019668 
0.020552 
0.020805 
0.024124 
0.028751 
0.033513 
0.039179 
0.044764 
0.053758 
0.063418 
0.072754 
0.084469 
0.095426 
0.108907 
0.123134 
0.138272 
0.153314 
0.170953 
0.189594 
0.207642 
0.227199 
0.246275 
0.269500 
0.290599 
0.313611 
0.336543 
0.359928 
0.386633 
0.410961 
0.436555 
0.462775 
0.489955 
0.519010 
0.545402 
0.573357 
0.601448 
0.629810 
0.660133 
0.687876 
0.716870 
0.746079 
0.775436 
0.804879 
0.834149 
0.864544 
0.895027 
0.923391 
0.952495 
0.981690 
1.010327 
1.038541 
1.065100 
1.092670 
1.120411 
1.147096 
1.172665 
1.197645 
1.223537 
1.248338 
1.271995 
1.294066 
1.317419 
1.339280 
1.360379 
1.379500 
1.398158 
1.418449 
1.436439 
1.452284 
1.467699 
1.481867 
1.498067 
1.509259 
1.520863 
1.531881 
1.541508 
1.552056 
1.557279 
1.563969 
1.569194 
1.573326 
1.577915 
1.578862 
1.579860 
1.579740 
1.577524 
1.576136 
1.572658 
1.568069 
1.562963 
1.555402 
1.548517 
1.540569 
1.530604 
1.520978 
1.507623 
1.495824 
1.481907 
1.466875 
1.451344 
1.434567 
1.417748 
1.400342 
1.380245 
1.359251 
1.338767 
1.318447 
1.295807 
1.271481 
1.247073 
1.224779 
1.199394 
1.173696 
1.147548 
1.120227 
1.095879 
1.066970 
1.038621 
1.010699 
0.981706 
0.954237 
0.923095 
0.893991 
0.864654 
0.834755 
0.805333 
0.776453 
0.747983 
0.719405 
0.688444 
0.660229 
0.631707 
0.602552 
0.573801 
0.544541 
0.518144 
0.490973 
0.463865 
0.437464 
0.410270 
0.385260 
0.360543 
0.335979 
0.312790 
0.290442 
0.269377 
0.247305 
0.226415 
0.205977 
0.187977 
0.170708 
0.153429 
0.137153 
0.121333 
0.108532 
0.094499 
0.082186 
0.071424 
0.060877 
0.052904 
0.044218 
0.036781 
0.031586 
0.027478 
0.026220 
0.021008 
0.018858 
0.019579 
0.020447 
0.023409 
0.025348 
0.029177 
0.035475 
0.040920 
0.048033 
0.056602 
0.066416 
0.076871 
0.087363 
0.100008 
0.113611 
0.128534 
0.143580 
0.157349 
0.177014 
0.195331 
0.214406 
0.234002 
0.254272 
0.276339 
0.298405 
0.320618 
0.343317 
0.368982 
0.394447 
0.419267 
0.445530 
0.471039 
0.500018 
0.526960 
0.554724 
0.582665 
0.610918 
0.641174 
0.668892 
0.697513 
0.727169 
0.755656 
0.785244 
0.814312 
0.844548 
0.875109 
0.904374 
0.934615 
0.962652 
0.990565 
1.019458 
1.047127 
1.074873 
1.102053 
1.129384 
1.156222 
1.180562 
1.206825 
1.231646 
1.256137 
1.279855 
1.302165 
1.324182 
1.345860 
1.367148 
1.386833 
1.405261 
1.424336 
1.441290 
1.457256 
1.471999 
1.487628 
1.501188 
1.513039 
1.524516 
1.534229 
1.546047 
1.553330 
1.559952 
1.566091 
1.571147 
1.575693 
1.577964 
1.579124 
1.580140 
1.579256 
1.578808 
1.574905 
1.571057 
1.565905 
1.560433 
1.553875 
1.545855 
1.537168 
1.527443 
1.516118 
1.504771 
1.491095 
1.476673 
1.462509 
1.445521 
1.429829 
1.412355 
1.393139 
1.373777 
1.352559 
1.331865 
1.310377 
1.287754 
1.263848 
1.240270 
1.216290 
1.190989 
1.164811 
1.137422 
1.112579 
1.084886 
1.057521 
1.029371 
1.000112 
0.972918 
0.943374 
0.914268 
0.884884 
0.855482 
0.825540 
0.795318 
0.766243 
0.738184 
0.708480 
0.680895 
0.650622 
0.621623 
0.593375 
0.563993 
0.536070 
0.509084 
0.481538 
0.455438 
0.427922 
0.402163 
0.377245 
0.352833 
0.329176 
0.304573 
0.282778 
0.260917 
0.239818 
0.220113 
0.200482 
0.182137 
0.163758 
0.147329 
0.131330 
0.117940 
0.103687 
0.090549 
0.078555 
0.066174 
0.058300 
0.049698 
0.042529 
0.035838 
0.029251 
0.027455 
0.022671 
0.020556 
0.019363 
0.019484 
0.022868 
0.023671 
0.026176 
0.031154 
0.037623 
0.044600 
0.050512 
0.059239 
0.069398 
0.079998 
0.092184 
0.104762 
0.118095 
0.133127 
0.148074 
0.165241 
0.183033 
0.201413 
0.220731 
0.239778 
0.261820 
0.283113 
0.305558 
0.328522 
0.352151 
0.377170 
0.401777 
0.428058 
0.453622 
0.481333 
0.508602 
0.535953 
0.563718 
0.590861 
0.621606 
0.650049 
0.678854 
0.707958 
0.736128 
0.765831 
0.795643 
0.825302 
0.854940 
0.884881 
0.915063 
0.943084 
0.971800 
1.000566 
1.028927 
1.057213 
1.083221 
1.110976 
1.138669 
1.164096 
1.189148 
1.214742 
1.239849 
1.264607 
1.287018 
1.309755 
1.331989 
1.353282 
1.373782 
1.392079 
1.412025 
1.430268 
1.446962 
1.462654 
1.477112 
1.492055 
1.505309 
1.517622 
1.527605 
1.538347 
1.548266 
1.554811 
1.561858 
1.566664 
1.573498 
1.576314 
1.578605 
1.579587 
1.579645 
1.580529 
1.577177 
1.573681 
1.569657 
1.564527 
1.560055 
1.551191 
1.542622 
1.534170 
1.523715 
1.512834 
1.499994 
1.486391 
1.472441 
1.456617 
1.440317 
1.423573 
1.406228 
1.387348 
1.366000 
1.346120 
1.325027 
1.302765 
1.279969 
1.256102 
1.232384 
1.207698 
1.182293 
1.155835 
1.129548 
1.103489 
1.076157 
1.047810 
1.018506 
0.991421 
0.963306 
0.933642 
0.904242 
0.874780 
0.844541 
0.814953 
0.786470 
0.757596 
0.728203 
0.699327 
0.670255 
0.640855 
0.612748 
0.583271 
0.556185 
0.527076 
0.499313 
0.472371 
0.445533 
0.420414 
0.393956 
0.369135 
0.344644 
0.320342 
0.297643 
0.275041 
0.253948 
0.233634 
0.212974 
0.193963 
0.176056 
0.158907 
0.142552 
0.126446 
0.112569 
0.098814 
0.086379 
0.074124 
0.064411 
0.055123 
0.047062 
0.039660 
0.032354 
0.029245 
0.025088 
0.021843 
0.019904 
0.018110 
0.020941 
0.022362 
0.025097 
0.028556 
0.032735 
0.040153 
0.045348 
0.053758 
0.063029 
0.073338 
0.085248 
0.095426 
0.108517 
0.123718 
0.138077 
0.154287 
0.170953 
0.188426 
0.208031 
0.227394 
0.248027 
0.268722 
0.290404 
0.313417 
0.335765 
0.360122 
0.385270 
0.410571 
0.436944 
0.462191 
0.489955 
0.517452 
0.545597 
0.572773 
0.601838 
0.630589 
0.659160 
0.687681 
0.716286 
0.746663 
0.776020 
0.805658 
0.834538 
0.864350 
0.895027 
0.924365 
0.952690 
0.981300 
1.009548 
1.039709 
1.066269 
1.093449 
1.120411 
1.146706 
1.173638 
1.198423 
1.223147 
1.248533 
1.271605 
1.295040 
1.317224 
1.338890 
1.360379 
1.379500 
1.399715 
1.418060 
1.435271 
1.452479 
1.467504 
1.482646 
1.496510 
1.509648 
1.521058 
1.530907 
1.541508 
1.550109 
1.557473 
1.563775 
1.569388 
1.574299 
1.577331 
1.578862 
1.578303 
1.580324 
1.578887 
1.576331 
1.572269 
1.567095 
1.563937 
1.556765 
1.548128 
1.540374 
1.530994 
1.521951 
1.508402 
1.495046 
1.481323 
1.467265 
1.452512 
1.435540 
1.417553 
1.398979 
1.380245 
1.359835 
1.339546 
1.317863 
1.295613 
1.271676 
1.248241 
1.223611 
1.199199 
1.173696 
1.146964 
1.121201 
1.093932 
1.066386 
1.038232 
1.010115 
0.982485 
0.952874 
0.923680 
0.894186 
0.865043 
0.834950 
0.805333 
0.776842 
0.747399 
0.718820 
0.689223 
0.660618 
0.631318 
0.601189 
0.575164 
0.545904 
0.517949 
0.490389 
0.463281 
0.438632 
0.411049 
0.385260 
0.360738 
0.336758 
0.314153 
0.290247 
0.267819 
0.247305 
0.226221 
0.206561 
0.188172 
0.169735 
0.153819 
0.136764 
0.121917 
0.107753 
0.094694 
0.082770 
0.070645 
0.061072 
0.051931 
0.044218 
0.037365 
0.031391 
0.027088 
0.023494 
0.021398 
0.018663 
0.020163 
0.021031 
0.022825 
0.024958 
0.028982 
0.036449 
0.041894 
0.049006 
0.056797 
0.065248 
0.077650 
0.087753 
0.100203 
0.113416 
0.128534 
0.144943 
0.159491 
0.176819 
0.194553 
0.214017 
0.234781 
0.254467 
0.275755 
0.298211 
0.320228 
0.344095 
0.368787 
0.393862 
0.419267 
0.445141 
0.472012 
0.499240 
0.526571 
0.554724 
0.582275 
0.611502 
0.639811 
0.668697 
0.697513 
0.727169 
0.755656 
0.785439 
0.815285 
0.844548 
0.875304 
0.904180 
0.933447 
0.962263 
0.989786 
1.020042 
1.047516 
1.075263 
1.102053 
1.128410 
1.157195 
1.181925 
1.206825 
1.231256 
1.256137 
1.281802 
1.302360 
1.324182 
1.346249 
1.366758 
1.387028 
1.405261 
1.423557 
1.441485 
1.457256 
1.472972 
1.487823 
1.500799 
1.513234 
1.523542 
1.535008 
1.544879 
1.552746 
1.559758 
1.565507 
1.571536 
1.575498 
1.577770 
1.579319 
1.579556 
1.579645 
1.577056 
1.575100 
1.570667 
1.566878 
1.561018 
1.554265 
1.545660 
1.536000 
1.528417 
1.516896 
1.504771 
1.491095 
1.476673 
1.463872 
1.446494 
1.429439 
1.411382 
1.392555 
1.375335 
1.352949 
1.331475 
1.310961 
1.287754 
1.264627 
1.239491 
1.215900 
1.190989 
1.164811 
1.138396 
1.111995 
1.084497 
1.057521 
1.028787 
1.001085 
0.972529 
0.943568 
0.913489 
0.884106 
0.855092 
0.825345 
0.796097 
0.765854 
0.737795 
0.709454 
0.680310 
0.650428 
0.620649 
0.593569 
0.564771 
0.536070 
0.508890 
0.480565 
0.455827 
0.428506 
0.402942 
0.377439 
0.352249 
0.329955 
0.305547 
0.282583 
0.261307 
0.240403 
0.221087 
0.199898 
0.182137 
0.164342 
0.147329 
0.132109 
0.117161 
0.103298 
0.090354 
0.078360 
0.067343 
0.058105 
0.049504 
0.042140 
0.034865 
0.029835 
0.025313 
0.022866 
0.020751 
0.019363 
0.019484 
0.020921 
0.023671 
0.026176 
0.031739 
0.038013 
0.044016 
0.051290 
0.058460 
0.069982 
0.080777 
0.092379 
0.104567 
0.117511 
0.134490 
0.149048 
0.165630 
0.182449 
0.201607 
0.222483 
0.240751 
0.261235 
0.283113 
0.305753 
0.329690 
0.352151 
0.376976 
0.402361 
0.427280 
0.454012 
0.480944 
0.508017 
0.536148 
0.562939 
0.592419 
0.620633 
0.649660 
0.678465 
0.706984 
0.736517 
0.765442 
0.795448 
0.825302 
0.854745 
0.884687 
0.913895 
0.942694 
0.971411 
1.000371 
1.029122 
1.056629 
1.083805 
1.110003 
1.138863 
1.165070 
1.190317 
1.215132 
1.239070 
1.265386 
1.287407 
1.309755 
1.331989 
1.353087 
1.375339 
1.392858 
1.411636 
1.430268 
1.447157 
1.463822 
1.477307 
1.491470 
1.504919 
1.516843 
1.528189 
1.538347 
1.547293 
1.555785 
1.561858 
1.567443 
1.572719 
1.575730 
1.578605 
1.579003 
1.579450 
1.579166 
1.576983 
1.573876 
1.569462 
1.565306 
1.558303 
1.551191 
1.542816 
1.534560 
1.524104 
1.512834 
1.499799 
1.485028 
1.473220 
1.457396 
1.441485 
1.424157 
1.404866 
1.388322 
1.367753 
1.346704 
1.324442 
1.302571 
1.281332 
1.256491 
1.232384 
1.207698 
1.182099 
1.157003 
1.129353 
1.102710 
1.075573 
1.047420 
1.019674 
0.991615 
0.962722 
0.933642 
0.904047 
0.874780 
0.844736 
0.814953 
0.786275 
0.756818 
0.728398 
0.698938 
0.669671 
0.641244 
0.611774 
0.583271 
0.555017 
0.527271 
0.498339 
0.472760 
0.446507 
0.420219 
0.393956 
0.367773 
0.345618 
0.321705 
0.298032 
0.275431 
0.253559 
0.234802 
0.213753 
0.194352 
0.175861 
0.158907 
0.143915 
0.126251 
0.112180 
0.099398 
0.086574 
0.075097 
0.064216 
0.054929 
0.047062 
0.039271 
0.033327 
0.027882 
0.024310 
0.022233 
0.019126 
0.019863 
0.020552 
0.021778 
0.024708 
0.027777 
0.033124 
0.039763 
0.046127 
0.053368 
0.062445 
0.073338 
0.083885 
0.096204 
0.108323 
0.123718 
0.138466 
0.154287 
0.171147 
0.187842 
0.208615 
0.227783 
0.247833 
0.268916 
0.289820 
0.314195 
0.336738 
0.361096 
0.385660 
0.410961 
0.438112 
0.462775 
0.489565 
0.517063 
0.545208 
0.574136 
0.601643 
0.630199 
0.659549 
0.687681 
0.716481 
0.746079 
0.775630 
0.805074 
0.834343 
0.865323 
0.894637 
0.923586 
0.953079 
0.980911 
1.010327 
1.038346 
1.065684 
1.092281 
1.120217 
1.147290 
1.173054 
1.198423 
1.222368 
1.248922 
1.272384 
1.295040 
1.316640 
1.338306 
1.361352 
1.380863 
1.399715 
1.418060 
1.435466 
1.453842 
1.468283 
1.482646 
1.496315 
1.509064 
1.522226 
1.531686 
1.541508 
1.550109 
1.557473 
1.564359 
1.568609 
1.574105 
1.577720 
1.578862 
1.580055 
1.579351 
1.577719 
1.576136 
1.572463 
1.568653 
1.562963 
1.556376 
1.548907 
1.539790 
1.530799 
1.520004 
1.508402 
1.495240 
1.481713 
1.467265 
1.452123 
1.435345 
1.417164 
1.399758 
1.380635 
1.360614 
1.339156 
1.316500 
1.296586 
1.272649 
1.248631 
1.223611 
1.198810 
1.175254 
1.147938 
1.120811 
1.093348 
1.066386 
1.040373 
1.010309 
0.981122 
0.953263 
0.923680 
0.893602 
0.864654 
0.835145 
0.805917 
0.776453 
0.747788 
0.718431 
0.689223 
0.660618 
0.631123 
0.603136 
0.574190 
0.545904 
0.517365 
0.489221 
0.464060 
0.437464 
0.410659 
0.385260 
0.361127 
0.336953 
0.313569 
0.290442 
0.267040 
0.247305 
0.227389 
0.206950 
0.187782 
0.169735 
0.154987 
0.137737 
0.121917 
0.107753 
0.094110 
0.083938 
0.071229 
0.061266 
0.052710 
0.044218 
0.038728 
0.031391 
0.026115 
0.023494 
0.020619 
0.019831 
0.019773 
0.020836 
0.023799 
0.024958 
0.029372 
0.034697 
0.041310 
0.049201 
0.056602 
0.066221 
0.076093 
0.087947 
0.100008 
0.113027 
0.128729 
0.143774 
0.159686 
0.176040 
0.195137 
0.214406 
0.234391 
0.254467 
0.274392 
0.298600 
0.321396 
0.345069 
0.368787 
0.393084 
0.421019 
0.446114 
0.471623 
0.498656 
0.526960 
0.556281 
0.582665 
0.610723 
0.639811 
0.668113 
0.698097 
0.726585 
0.755461 
0.785439 
0.814896 
0.844353 
0.875109 
0.904180 
0.934031 
0.962068 
0.991343 
1.018873 
1.047322 
1.075652 
1.101858 
1.129189 
1.155832 
1.181536 
1.206436 
1.231646 
1.256527 
1.279466 
1.302165 
1.323988 
1.346638 
1.367342 
1.387223 
1.405845 
1.422973 
1.442264 
1.457645 
1.472972 
1.487628 
1.500215 
1.514402 
1.525100 
1.535592 
1.544684 
1.552746 
1.561315 
1.565896 
1.570368 
1.574914 
1.577770 
1.580487 
1.579750 
1.579256 
1.577640 
1.574516 
1.571057 
1.566099 
1.561018 
1.554849 
1.545271 
1.536973 
1.527249 
1.516896 
1.504577 
1.490317 
1.477063 
1.462120 
1.446105 
1.429050 
1.411576 
1.393529 
1.374166 
1.353338 
1.331475 
1.310377 
1.288338 
1.264822 
1.240464 
1.214732 
1.191768 
1.165395 
1.138785 
1.111605 
1.084497 
1.059078 
1.029761 
1.000501 
0.971945 
0.943179 
0.914658 
0.884300 
0.854703 
0.824956 
0.795902 
0.767022 
0.737989 
0.709064 
0.680700 
0.650233 
0.621817 
0.592985 
0.564577 
0.536070 
0.507916 
0.481928 
0.454854 
0.428701 
0.402747 
0.376855 
0.353027 
0.328981 
0.305157 
0.282389 
0.261307 
0.240208 
0.220113 
0.200676 
0.181358 
0.164731 
0.148302 
0.132693 
0.117161 
0.101935 
0.091133 
0.078750 
0.068705 
0.058300 
0.049114 
0.042918 
0.035254 
0.029835 
0.025898 
0.022671 
0.022308 
0.019168 
0.019484 
0.021894 
0.023477 
0.027344 
0.030960 
0.036844 
0.043626 
0.051096 
0.059823 
0.069203 
0.080582 
0.092768 
0.104178 
0.117706 
0.132737 
0.148658 
0.165436 
0.182254 
0.201607 
0.220341 
0.240167 
0.261041 
0.283503 
0.306142 
0.329106 
0.351177 
0.376002 
0.403140 
0.429227 
0.454790 
0.480554 
0.506849 
0.536927 
0.564691 
0.593003 
0.621217 
0.649270 
0.678465 
0.707179 
0.736907 
0.765637 
0.794670 
0.824913 
0.854940 
0.885076 
0.914674 
0.943473 
0.972384 
1.000371 
1.028343 
1.056824 
1.083611 
1.111366 
1.138085 
1.164680 
1.190317 
1.214548 
1.240043 
1.263828 
1.287212 
1.310534 
1.331599 
1.353282 
1.373392 
1.393247 
1.411831 
1.430073 
1.447157 
1.463238 
1.477696 
1.490302 
1.505309 
1.517427 
1.528578 
1.538152 
1.546124 
1.556953 
1.562637 
1.568027 
1.572525 
1.576119 
1.579773 
1.579587 
1.580034 
1.579166 
1.576983 
1.574849 
1.569462 
1.564527 
1.558887 
1.551191 
1.543011 
1.533781 
1.523715 
1.512834 
1.499410 
1.486391 
1.472636 
1.457591 
1.440706 
1.422989 
1.405839 
1.387154 
1.367169 
1.346315 
1.324053 
1.302571 
1.279774 
1.256491 
1.231994 
1.207698 
1.182877 
1.156614 
1.129742 
1.101931 
1.076741 
1.048589 
1.020063 
0.991031 
0.961749 
0.934031 
0.904436 
0.875169 
0.845320 
0.815343 
0.785885 
0.757791 
0.728593 
0.699133 
0.669866 
0.641633 
0.612164 
0.583855 
0.555407 
0.526492 
0.499702 
0.472371 
0.445923 
0.420219 
0.393566 
0.369525 
0.345033 
0.320537 
0.297838 
0.275041 
0.254338 
0.233439 
0.213558 
0.193963 
0.176251 
0.159101 
0.141968 
0.126835 
0.112180 
0.099398 
0.086574 
0.075097 
0.064411 
0.053955 
0.047256 
0.039855 
0.033522 
0.028271 
0.023531 
0.023401 
0.021267 
0.019863 
0.020357 
0.022168 
0.025876 
0.028361 
0.033124 
0.039179 
0.046322 
0.054926 
0.062445 
0.072754 
0.084664 
0.095620 
0.108517 
0.123524 
0.138661 
0.154871 
0.170368 
0.188621 
0.207447 
0.227394 
0.248611 
0.267943 
0.290404 
0.313417 
0.336349 
0.360512 
0.384686 
0.410961 
0.436749 
0.462970 
0.488981 
0.517647 
0.545402 
0.573552 
0.602032 
0.629226 
0.659160 
0.687876 
0.717454 
0.747052 
0.775825 
0.804879 
0.835317 
0.864934 
0.894053 
0.924170 
0.954637 
0.981690 
1.009938 
1.038346 
1.065295 
1.093449 
1.119632 
1.146706 
1.173249 
1.198034 
1.223537 
1.248143 
1.272189 
1.295624 
1.316835 
1.338696 
1.359795 
1.380084 
1.399521 
1.417476 
1.436050 
1.452868 
1.468088 
1.481867 
1.495536 
1.509843 
1.521837 
1.531881 
1.540339 
1.550304 
1.558252 
1.564553 
1.569388 
1.572547 
1.578110 
1.579836 
1.580445 
1.580129 
1.577913 
1.577499 
1.572853 
1.568264 
1.562768 
1.556181 
1.550269 
1.539985 
1.530410 
1.519810 
1.507623 
1.495435 
1.482102 
1.467460 
1.452512 
1.434956 
1.417553 
1.398979 
1.380245 
1.361393 
1.338962 
1.317278 
1.295029 
1.271870 
1.249020 
1.223611 
1.199199 
1.173891 
1.147548 
1.120227 
1.093932 
1.066970 
1.039205 
1.010699 
0.980538 
0.953069 
0.924653 
0.894381 
0.865043 
0.834366 
0.805333 
0.777037 
0.748372 
0.718626 
0.689417 
0.661591 
0.631123 
0.602163 
0.573801 
0.545515 
0.519118 
0.490389 
0.463086 
0.437269 
0.411049 
0.386039 
0.360933 
0.336563 
0.313569 
0.289663 
0.268403 
0.247305 
0.226610 
0.207534 
0.187977 
0.170319 
0.153235 
0.137153 
0.121722 
0.107169 
0.095083 
0.082575 
0.071424 
0.060488 
0.052126 
0.044802 
0.037755 
0.031781 
0.025531 
0.023494 
0.021398 
0.020221 
0.019968 
0.019863 
0.023993 
0.025932 
0.029956 
0.035475 
0.041310 
0.050564 
0.056797 
0.065832 
0.076677 
0.088337 
0.101371 
0.113222 
0.127950 
0.143774 
0.159686 
0.177014 
0.194942 
0.214211 
0.234391 
0.253688 
0.275560 
0.298016 
0.321007 
0.344874 
0.367813 
0.393862 
0.419851 
0.445530 
0.471623 
0.498656 
0.526960 
0.554724 
0.582859 
0.610723 
0.640201 
0.668892 
0.698097 
0.726975 
0.755656 
0.785244 
0.815091 
0.845521 
0.874915 
0.902817 
0.934420 
0.963042 
0.990759 
1.019068 
1.047322 
1.076236 
1.102053 
1.129189 
1.155832 
1.182120 
1.208383 
1.231256 
1.255358 
1.279855 
1.302554 
1.324766 
1.346444 
1.367342 
1.387223 
1.405066 
1.423946 
1.440901 
1.457645 
1.473556 
1.486849 
1.500604 
1.513039 
1.524516 
1.534813 
1.544490 
1.553330 
1.560147 
1.566091 
1.569589 
1.575303 
1.578159 
1.579514 
1.580140 
1.578477 
1.579003 
1.575684 
1.571641 
1.566099 
1.559655 
1.555433 
1.546050 
1.537558 
1.527833 
1.516507 
1.505550 
1.490706 
1.476868 
1.462120 
1.446299 
1.430802 
1.412355 
1.392945 
1.372803 
1.351975 
1.332060 
1.310377 
1.288143 
1.265211 
1.239685 
1.215706 
1.190794 
1.165005 
1.138980 
1.111411 
1.084692 
1.056937 
1.029566 
1.001475 
0.972529 
0.943179 
0.914073 
0.884690 
0.854508 
0.825151 
0.796097 
0.767411 
0.738184 
0.707312 
0.680116 
0.651401 
0.621817 
0.592985 
0.563993 
0.537628 
0.509084 
0.481733 
0.454464 
0.428701 
0.404500 
0.377245 
0.352054 
0.328592 
0.305547 
0.283946 
0.261502 
0.240013 
0.220113 
0.200287 
0.181943 
0.164342 
0.147523 
0.132498 
0.116772 
0.102908 
0.090354 
0.078555 
0.068121 
0.057327 
0.049309 
0.042529 
0.035449 
0.029446 
0.025508 
0.023061 
0.020945 
0.019558 
0.018510 
0.021115 
0.024645 
0.027539 
0.031544 
0.035871 
0.045184 
0.051680 
0.060017 
0.069982 
0.079998 
0.093158 
0.104178 
0.118484 
0.133711 
0.149242 
0.167188 
0.182449 
0.200244 
0.220731 
0.240557 
0.262209 
0.283113 
0.305558 
0.329106 
0.351956 
0.376976 
0.402361 
0.428058 
0.454206 
0.480359 
0.508212 
0.536148 
0.563523 
0.592419 
0.620633 
0.649465 
0.678075 
0.707569 
0.736517 
0.765831 
0.795448 
0.824718 
0.854940 
0.884103 
0.914479 
0.943668 
0.972384 
1.000176 
1.027370 
1.057213 
1.084779 
1.111950 
1.138279 
1.163902 
1.191290 
1.215132 
1.239459 
1.264023 
1.287796 
1.311897 
1.331989 
1.352698 
1.373392 
1.392858 
1.412220 
1.429878 
1.446962 
1.463238 
1.477307 
1.492055 
1.505114 
1.517232 
1.528578 
1.537568 
1.547293 
1.555590 
1.562442 
1.567443 
1.572330 
1.576119 
1.578994 
1.579782 
1.579450 
1.578777 
1.576983 
1.574070 
1.570046 
1.563748 
1.559471 
1.551775 
1.543206 
1.534365 
1.522936 
1.513807 
1.500383 
1.486975 
1.472441 
1.456617 
1.442069 
1.423767 
1.405644 
1.386764 
1.366974 
1.347093 
1.324442 
1.302765 
1.280553 
1.256491 
1.232384 
1.207308 
1.181514 
1.156809 
1.129158 
1.102710 
1.075573 
1.048394 
1.021037 
0.990837 
0.962528 
0.933447 
0.904242 
0.874780 
0.843957 
0.814953 
0.786275 
0.757596 
0.728203 
0.699522 
0.670644 
0.641049 
0.611385 
0.582102 
0.555017 
0.527855 
0.500092 
0.472760 
0.445338 
0.421193 
0.394735 
0.368746 
0.344644 
0.320731 
0.299590 
0.275820 
0.254143 
0.233634 
0.213558 
0.195520 
0.175667 
0.158517 
0.142747 
0.126641 
0.112180 
0.098814 
0.086379 
0.075097 
0.063827 
0.054734 
0.047256 
0.039271 
0.033717 
0.027687 
0.024699 
0.022427 
0.020099 
0.019084 
0.019384 
0.021973 
0.025097 
0.029140 
0.032929 
0.039374 
0.046516 
0.053953 
0.062834 
0.071975 
0.085053 
0.096204 
0.109296 
0.123524 
0.137688 
0.155845 
0.171342 
0.189010 
0.207642 
0.227394 
0.248806 
0.268722 
0.290404 
0.313611 
0.335959 
0.361485 
0.385270 
0.411155 
0.436944 
0.462385 
0.489955 
0.517647 
0.545013 
0.573357 
0.601448 
0.630394 
0.658770 
0.687097 
0.716870 
0.746468 
0.775630 
0.805074 
0.835317 
0.865518 
0.893859 
0.923586 
0.953079 
0.981690 
1.009548 
1.038346 
1.066074 
1.093644 
1.120217 
1.145927 
1.174028 
1.199202 
1.223731 
1.247364 
1.271216 
1.296792 
1.318198 
1.339280 
1.360379 
1.380279 
1.401273 
1.417476 
1.435271 
1.452479 
1.467894 
1.483230 
1.496120 
1.509064 
1.521642 
1.531297 
1.541508 
1.550304 
1.558057 
1.563775 
1.569194 
1.573910 
1.577331 
1.578862 
1.579471 
1.579351 
1.578692 
1.576526 
1.572658 
1.567874 
1.562574 
1.557155 
1.549685 
1.540180 
1.529826 
1.520004 
1.508402 
1.496019 
1.482297 
1.466486 
1.452318 
1.435735 
1.418332 
1.399174 
1.380051 
1.361587 
1.339546 
1.317668 
1.295029 
1.272260 
1.249993 
1.224000 
1.198810 
1.173696 
1.147548 
1.121395 
1.093737 
1.066581 
1.039400 
1.010115 
0.981512 
0.952290 
0.923290 
0.894576 
0.865043 
0.834755 
0.805722 
0.776453 
0.747983 
0.717847 
0.689223 
0.660618 
0.631707 
0.601968 
0.573217 
0.546099 
0.518534 
0.490584 
0.462307 
0.437464 
0.411633 
0.385650 
0.360738 
0.335590 
0.314932 
0.291415 
0.268598 
0.246915 
0.226610 
0.208118 
0.187588 
0.169929 
0.153819 
0.137737 
0.124059 
0.106974 
0.094110 
0.082575 
0.070840 
0.061461 
0.052126 
0.044218 
0.037171 
0.031586 
0.027867 
0.023689 
0.020814 
0.020221 
0.019189 
0.020836 
0.022630 
0.025737 
0.030540 
0.034891 
0.041505 
0.048811 
0.058549 
0.064858 
0.075898 
0.088337 
0.100592 
0.113806 
0.127171 
0.143190 
0.160270 
0.177598 
0.195331 
0.213043 
0.235170 
0.254856 
0.275949 
0.298016 
0.320812 
0.346237 
0.368982 
0.393668 
0.419267 
0.445141 
0.473375 
0.498850 
0.526181 
0.554529 
0.582470 
0.611308 
0.639811 
0.668502 
0.697708 
0.726391 
0.756045 
0.785244 
0.814896 
0.845132 
0.874136 
0.904374 
0.933641 
0.962458 
0.991149 
1.018873 
1.047322 
1.074873 
1.102053 
1.128800 
1.156222 
1.182314 
1.206825 
1.231451 
1.255164 
1.280050 
1.303138 
1.325545 
1.346638 
1.366174 
1.388196 
1.406040 
1.424141 
1.441485 
1.457840 
1.474335 
1.487239 
1.500604 
1.513039 
1.525100 
1.536760 
1.544295 
1.552357 
1.559758 
1.565702 
1.571341 
1.575303 
1.577575 
1.580098 
1.579556 
1.579256 
1.577640 
1.574905 
1.571446 
1.566099 
1.561407 
1.554070 
1.546244 
1.537752 
1.526665 
1.517091 
1.504382 
1.490901 
1.476868 
1.462315 
1.446689 
1.429829 
1.411576 
1.392166 
1.374556 
1.353727 
1.332060 
1.309988 
1.286780 
1.265990 
1.241048 
1.215900 
1.190599 
1.165005 
1.139953 
1.111605 
1.084692 
1.057521 
1.028982 
1.001669 
0.972529 
0.942595 
0.913489 
0.884106 
0.854508 
0.825151 
0.796097 
0.767411 
0.737989 
0.708870 
0.680116 
0.650817 
0.622012 
0.592401 
0.564771 
0.536265 
0.508890 
0.481343 
0.454464 
0.428895 
0.402553 
0.377050 
0.352249 
0.329176 
0.306131 
0.283362 
0.261502 
0.239040 
0.220697 
0.201260 
0.182137 
0.164731 
0.146939 
0.133277 
0.117746 
0.103493 
0.090549 
0.078750 
0.069679 
0.057716 
0.049309 
0.041945 
0.035449 
0.030614 
0.025508 
0.021893 
0.020945 
0.019558 
0.019873 
0.021115 
0.023671 
0.027344 
0.031154 
0.037429 
0.044016 
0.051680 
0.060212 
0.068424 
0.079998 
0.092184 
0.105541 
0.118290 
0.132348 
0.149437 
0.165825 
0.183033 
0.199855 
0.220731 
0.241530 
0.261820 
0.282919 
0.304779 
0.329884 
0.353319 
0.377365 
0.402361 
0.427474 
0.455569 
0.480944 
0.508212 
0.536148 
0.564302 
0.593392 
0.620048 
0.648881 
0.677881 
0.707374 
0.736517 
0.765831 
0.795059 
0.825302 
0.854551 
0.884492 
0.914284 
0.943279 
0.972384 
0.999982 
1.028733 
1.056629 
1.084000 
1.111560 
1.137695 
1.164486 
1.189927 
1.215326 
1.240043 
1.264218 
1.287602 
1.310145 
1.332183 
1.352503 
1.373976 
1.393831 
1.412415 
1.429878 
1.445015 
1.463822 
1.478475 
1.492444 
1.505114 
1.517038 
1.530136 
1.538736 
1.547293 
1.554811 
1.561858 
1.569974 
1.572719 
1.576119 
1.578799 
1.579587 
1.580229 
1.578777 
1.577372 
1.574654 
1.568878 
1.564527 
1.558692 
1.551775 
1.543595 
1.533586 
1.523910 
1.512444 
1.499994 
1.486586 
1.471273 
1.457007 
1.441096 
1.423573 
1.405060 
1.386764 
1.367169 
1.346899 
1.324832 
1.301792 
1.280358 
1.256880 
1.232773 
1.208282 
1.181125 
1.157587 
1.130132 
1.103294 
1.075963 
1.047810 
1.021426 
0.991421 
0.961944 
0.932279 
0.904242 
0.875169 
0.844736 
0.815732 
0.786275 
0.757402 
0.728398 
0.699327 
0.670060 
0.641244 
0.611580 
0.582881 
0.554823 
0.527466 
0.500286 
0.472566 
0.445923 
0.420024 
0.394150 
0.368941 
0.344060 
0.321121 
0.298616 
0.275625 
0.253169 
0.233439 
0.214143 
0.195131 
0.176056 
0.157544 
0.142941 
0.127614 
0.112764 
0.098814 
0.085600 
0.076265 
0.064605 
0.055123 
0.046867 
0.039660 
0.035079 
0.028661 
0.024310 
0.021648 
0.020489 
0.021031 
0.020163 
0.021584 
0.024902 
0.028167 
0.033513 
0.039569 
0.045932 
0.054926 
0.062639 
0.072754 
0.083690 
0.095815 
0.109296 
0.122550 
0.138272 
0.154287 
0.171342 
0.189594 
0.207058 
0.226810 
0.247443 
0.268916 
0.289625 
0.313222 
0.337322 
0.361485 
0.385854 
0.409208 
0.437139 
0.463748 
0.490539 
0.517647 
0.544429 
0.574330 
0.602032 
0.630394 
0.658770 
0.688265 
0.718038 
0.745884 
0.774852 
0.805074 
0.835706 
0.865907 
0.894443 
0.923975 
0.953079 
0.980716 
1.009354 
1.037957 
1.066269 
1.093449 
1.120022 
1.146901 
1.173054 
1.198813 
1.223731 
1.247559 
1.272189 
1.295624 
1.318003 
1.339085 
1.359405 
1.380473 
1.399521 
1.418060 
1.435076 
1.452674 
1.468867 
1.483230 
1.496899 
1.508675 
1.521642 
1.532270 
1.541118 
1.549136 
1.556695 
1.565916 
1.570556 
1.574494 
1.577331 
1.579057 
1.581029 
1.579351 
1.578498 
1.576136 
1.573047 
1.569432 
1.562574 
1.555987 
1.549685 
1.540764 
1.530604 
1.520004 
1.507818 
1.495824 
1.481128 
1.467460 
1.451734 
1.435345 
1.417943 
1.398590 
1.379856 
1.360419 
1.339546 
1.317473 
1.294834 
1.272649 
1.249020 
1.223806 
1.198615 
1.174086 
1.147743 
1.121201 
1.094321 
1.065607 
1.039400 
1.010504 
0.982096 
0.953069 
0.923680 
0.895354 
0.864654 
0.835145 
0.805722 
0.776842 
0.748567 
0.718626 
0.689807 
0.660423 
0.631123 
0.602747 
0.573996 
0.545320 
0.518339 
0.490584 
0.463670 
0.436880 
0.410854 
0.386428 
0.360154 
0.336953 
0.313374 
0.290637 
0.268598 
0.246331 
0.227000 
0.207339 
0.188366 
0.170124 
0.152845 
0.137737 
0.122696 
0.107948 
0.093526 
0.082770 
0.071619 
0.061266 
0.051542 
0.043049 
0.038728 
0.032170 
0.027283 
0.023883 
0.020619 
0.021778 
0.019384 
0.020641 
0.022825 
0.025932 
0.031708 
0.035086 
0.041115 
0.049201 
0.056602 
0.066416 
0.076482 
0.087753 
0.100398 
0.113027 
0.127950 
0.143774 
0.159880 
0.177014 
0.194163 
0.214211 
0.234197 
0.254272 
0.276144 
0.297821 
0.321591 
0.344485 
0.368787 
0.393473 
0.419461 
0.445530 
0.472207 
0.499629 
0.525597 
0.554918 
0.583249 
0.611892 
0.640201 
0.667334 
0.698097 
0.727364 
0.755851 
0.785244 
0.815091 
0.846300 
0.875109 
0.904180 
0.933057 
0.962458 
0.991733 
1.018873 
1.047127 
1.075457 
1.102442 
1.129968 
1.155637 
1.181341 
1.207799 
1.231062 
1.255748 
1.279855 
1.302360 
1.325545 
1.345665 
1.367342 
1.387223 
1.406234 
1.423752 
1.440706 
1.457840 
1.473167 
1.487044 
1.500410 
1.513428 
1.525684 
1.535202 
1.544684 
1.551578 
1.560731 
1.566870 
1.571926 
1.575303 
1.576017 
1.580292 
1.580724 
1.579840 
1.578419 
1.575100 
1.572809 
1.566294 
1.560239 
1.553875 
1.546439 
1.539310 
1.527249 
1.515923 
1.504382 
1.491290 
1.477257 
1.461925 
1.446299 
1.430023 
1.411187 
1.392945 
1.373388 
1.353143 
1.332644 
1.309793 
1.287754 
1.264822 
1.240075 
1.215706 
1.190405 
1.165200 
1.138980 
1.111995 
1.084108 
1.057715 
1.029761 
1.001280 
0.972334 
0.942595 
0.914463 
0.885079 
0.854703 
0.825151 
0.796292 
0.767996 
0.738184 
0.709064 
0.679726 
0.650428 
0.622791 
0.592401 
0.564577 
0.536070 
0.509084 
0.483096 
0.454270 
0.428311 
0.402942 
0.377245 
0.353027 
0.328787 
0.305352 
0.283557 
0.260917 
0.240013 
0.220113 
0.200871 
0.182721 
0.163953 
0.147523 
0.132109 
0.117551 
0.103298 
0.089575 
0.078750 
0.067927 
0.058495 
0.049309 
0.042140 
0.035644 
0.030225 
0.025313 
0.021308 
0.021335 
0.020337 
0.019873 
