5001
0.009455
0.035980
0.076886
0.133397
0.208066
0.299134
0.402216
0.514923
0.637346
0.768908
0.906834
1.047859
1.190003
1.332042
1.472072
1.607399
1.735565
1.854868
1.963857
2.060809
2.143942
2.211898
2.263809
2.299000
2.316849
2.316970
2.299386
2.264476
2.212822
2.145187
2.062605
1.966409
1.858156
1.739551
1.612439
1.478818
1.340814
1.200618
1.060432
0.922457
0.788870
0.661787
0.543215
0.435019
0.338902
0.256381
0.188763
0.137112
0.102241
0.084698
0.084763
0.102435
0.137435
0.189209
0.256941
0.339564
0.435774
0.544054
0.662696
0.789829
0.923447
1.061444
1.201643
1.341833
1.479802
1.613376
1.740447
1.859011
1.967198
2.063302
2.145808
2.213413
2.265052
2.299910
2.317437
2.317358
2.299672
2.264659
2.212870
2.145123
2.062486
1.966262
1.857968
1.739312
1.612166
1.478533
1.340523
1.200310
1.060107
0.922124
0.788537
0.661452
0.542875
0.434675
0.338557
0.256039
0.188421
0.136769
0.101898
0.084358
0.084426
0.102099
0.137100
0.188876
0.256610
0.339235
0.435448
0.543730
0.662374
0.789508
0.923129
1.061128
1.201329
1.341521
1.479493
1.613069
1.740142
1.858708
1.966897
2.063003
2.145511
2.213118
2.264759
2.299619
2.317149
2.317071
2.299387
2.264376
2.212590
2.144845
2.062210
1.965987
1.857695
1.739041
1.611897
1.478266
1.340257
1.200047
1.059845
0.921864
0.788279
0.661196
0.542621
0.434422
0.338307
0.255790
0.188174
0.136524
0.101655
0.084116
0.084185
0.101860
0.136863
0.188640
0.256377
0.339003
0.435217
0.543501
0.662146
0.789283
0.922905
1.060906
1.201108
1.341302
1.479275
1.612852
1.739927
1.858494
1.966685
2.062793
2.145302
2.212911
2.264553
2.299415
2.316946
2.316869
2.299187
2.264177
2.212392
2.144649
2.062015
1.965794
1.857504
1.738851
1.611708
1.478078
1.340071
1.199862
1.059661
0.921681
0.788097
0.661016
0.542442
0.434245
0.338130
0.255615
0.188000
0.136351
0.101483
0.083946
0.084016
0.101693
0.136696
0.188475
0.256212
0.338840
0.435055
0.543340
0.661987
0.789124
0.922748
1.060749
1.200953
1.341148
1.479122
1.612700
1.739776
1.858345
1.966536
2.062645
2.145155
2.212765
2.264409
2.299271
2.316803
2.316728
2.299046
2.264037
2.212254
2.144511
2.061878
1.965658
1.857369
1.738717
1.611575
1.477946
1.339940
1.199731
1.059532
0.921553
0.787970
0.660890
0.542316
0.434120
0.338007
0.255492
0.187878
0.136230
0.101363
0.083827
0.083898
0.101575
0.136579
0.188359
0.256097
0.338726
0.434941
0.543227
0.661874
0.789013
0.922637
1.060639
1.200844
1.341039
1.479014
1.612593
1.739670
1.858239
1.966432
2.062541
2.145052
2.212663
2.264307
2.299170
2.316703
2.316628
2.298947
2.263939
2.212156
2.144414
2.061782
1.965563
1.857274
1.738623
1.611481
1.477854
1.339848
1.199640
1.059441
0.921463
0.787880
0.660801
0.542228
0.434032
0.337919
0.255406
0.187792
0.136145
0.101278
0.083742
0.083814
0.101492
0.136497
0.188277
0.256016
0.338645
0.434861
0.543147
0.661795
0.788934
0.922559
1.060562
1.200767
1.340963
1.478939
1.612518
1.739595
1.858165
1.966358
2.062468
2.144979
2.212591
2.264235
2.299099
2.316632
2.316558
2.298878
2.263870
2.212087
2.144346
2.061715
1.965496
1.857207
1.738557
1.611415
1.477788
1.339783
1.199575
1.059377
0.921399
0.787817
0.660738
0.542166
0.433970
0.337858
0.255345
0.187731
0.136085
0.101219
0.083683
0.083755
0.101433
0.136439
0.188219
0.255959
0.338588
0.434805
0.543091
0.661740
0.788879
0.922504
1.060508
1.200713
1.340909
1.478886
1.612466
1.739543
1.858113
1.966307
2.062417
2.144929
2.212540
2.264185
2.299049
2.316583
2.316509
2.298829
2.263822
2.212039
2.144298
2.061667
1.965449
1.857160
1.738510
1.611369
1.477742
1.339737
1.199530
1.059332
0.921355
0.787773
0.660694
0.542122
0.433927
0.337815
0.255302
0.187689
0.136042
0.101177
0.083642
0.083714
0.101392
0.136398
0.188179
0.255919
0.338548
0.434765
0.543052
0.661701
0.788841
0.922466
1.060470
1.200675
1.340872
1.478848
1.612428
1.739506
1.858076
1.966270
2.062381
2.144893
2.212504
2.264150
2.299014
2.316548
2.316474
2.298795
2.263788
2.212005
2.144265
2.061634
1.965415
1.857127
1.738477
1.611337
1.477710
1.339705
1.199498
1.059301
0.921323
0.787742
0.660663
0.542092
0.433897
0.337785
0.255272
0.187659
0.136013
0.101147
0.083613
0.083685
0.101364
0.136370
0.188151
0.255890
0.338520
0.434738
0.543025
0.661674
0.788813
0.922439
1.060443
1.200649
1.340845
1.478822
1.612402
1.739480
1.858051
1.966245
2.062355
2.144867
2.212479
2.264125
2.298989
2.316523
2.316450
2.298770
2.263764
2.211982
2.144241
2.061610
1.965392
1.857104
1.738454
1.611314
1.477688
1.339683
1.199476
1.059279
0.921301
0.787720
0.660642
0.542070
0.433875
0.337764
0.255251
0.187638
0.135992
0.101127
0.083592
0.083665
0.101343
0.136349
0.188131
0.255871
0.338501
0.434718
0.543005
0.661654
0.788794
0.922420
1.060424
1.200630
1.340827
1.478803
1.612384
1.739462
1.858033
1.966227
2.062338
2.144850
2.212462
2.264107
2.298972
2.316506
2.316433
2.298753
2.263747
2.211965
2.144224
2.061594
1.965376
1.857088
1.738438
1.611298
1.477672
1.339667
1.199460
1.059263
0.921286
0.787705
0.660626
0.542055
0.433860
0.337749
0.255236
0.187623
0.135977
0.101112
0.083578
0.083650
0.101329
0.136335
0.188117
0.255857
0.338487
0.434704
0.542991
0.661641
0.788781
0.922406
1.060411
1.200617
1.340814
1.478790
1.612371
1.739449
1.858020
1.966214
2.062325
2.144837
2.212449
2.264095
2.298960
2.316494
2.316421
2.298741
2.263735
2.211953
2.144213
2.061582
1.965364
1.857077
1.738427
1.611287
1.477660
1.339656
1.199449
1.059252
0.921275
0.787694
0.660615
0.542044
0.433850
0.337738
0.255226
0.187613
0.135967
0.101102
0.083567
0.083640
0.101319
0.136325
0.188107
0.255847
0.338477
0.434695
0.542982
0.661631
0.788771
0.922397
1.060401
1.200607
1.340804
1.478781
1.612362
1.739440
1.858011
1.966205
2.062316
2.144829
2.212441
2.264086
2.298951
2.316485
2.316412
2.298733
2.263727
2.211945
2.144204
2.061574
1.965356
1.857069
1.738419
1.611279
1.477653
1.339648
1.199442
1.059244
0.921267
0.787686
0.660608
0.542037
0.433842
0.337731
0.255218
0.187606
0.135960
0.101095
0.083560
0.083633
0.101312
0.136318
0.188100
0.255840
0.338470
0.434688
0.542975
0.661624
0.788765
0.922390
1.060395
1.200601
1.340798
1.478775
1.612356
1.739434
1.858005
1.966199
2.062310
2.144822
2.212435
2.264080
2.298945
2.316479
2.316406
2.298727
2.263721
2.211939
2.144199
2.061568
1.965350
1.857063
1.738413
1.611273
1.477647
1.339643
1.199436
1.059239
0.921262
0.787681
0.660603
0.542031
0.433837
0.337726
0.255213
0.187601
0.135955
0.101090
0.083555
0.083628
0.101307
0.136313
0.188095
0.255835
0.338466
0.434683
0.542970
0.661620
0.788760
0.922386
1.060390
1.200596
1.340793
1.478770
1.612351
1.739429
1.858000
1.966195
2.062306
2.144818
2.212430
2.264076
2.298941
2.316475
2.316402
2.298723
2.263717
2.211935
2.144195
2.061564
1.965346
1.857059
1.738409
1.611269
1.477643
1.339639
1.199432
1.059235
0.921258
0.787677
0.660599
0.542028
0.433833
0.337722
0.255209
0.187597
0.135951
0.101086
0.083552
0.083625
0.101304
0.136310
0.188092
0.255832
0.338462
0.434680
0.542967
0.661616
0.788757
0.922383
1.060387
1.200593
1.340790
1.478767
1.612348
1.739426
1.857997
1.966191
2.062303
2.144815
2.212427
2.264073
2.298938
2.316472
2.316399
2.298720
2.263714
2.211932
2.144192
2.061561
1.965344
1.857056
1.738407
1.611266
1.477640
1.339636
1.199430
1.059232
0.921255
0.787674
0.660596
0.542025
0.433831
0.337719
0.255207
0.187595
0.135949
0.101084
0.083549
0.083622
0.101301
0.136308
0.188089
0.255829
0.338460
0.434677
0.542965
0.661614
0.788754
0.922380
1.060385
1.200591
1.340788
1.478765
1.612346
1.739424
1.857995
1.966189
2.062300
2.144813
2.212425
2.264071
2.298936
2.316470
2.316397
2.298718
2.263712
2.211930
2.144190
2.061559
1.965342
1.857054
1.738405
1.611264
1.477638
1.339634
1.199428
1.059230
0.921253
0.787673
0.660594
0.542023
0.433829
0.337718
0.255205
0.187593
0.135947
0.101082
0.083547
0.083620
0.101299
0.136306
0.188087
0.255828
0.338458
0.434676
0.542963
0.661612
0.788753
0.922379
1.060383
1.200589
1.340786
1.478763
1.612344
1.739422
1.857993
1.966188
2.062299
2.144811
2.212424
2.264070
2.298934
2.316469
2.316396
2.298717
2.263710
2.211929
2.144188
2.061558
1.965340
1.857053
1.738403
1.611263
1.477637
1.339633
1.199426
1.059229
0.921252
0.787671
0.660593
0.542022
0.433828
0.337716
0.255204
0.187592
0.135946
0.101081
0.083546
0.083619
0.101298
0.136305
0.188086
0.255826
0.338457
0.434675
0.542962
0.661611
0.788752
0.922377
1.060382
1.200588
1.340785
1.478762
1.612343
1.739421
1.857992
1.966187
2.062298
2.144810
2.212423
2.264068
2.298933
2.316468
2.316395
2.298716
2.263709
2.211928
2.144187
2.061557
1.965339
1.857052
1.738402
1.611262
1.477636
1.339632
1.199425
1.059228
0.921251
0.787670
0.660592
0.542021
0.433827
0.337715
0.255203
0.187591
0.135945
0.101080
0.083545
0.083618
0.101297
0.136304
0.188085
0.255826
0.338456
0.434674
0.542961
0.661610
0.788751
0.922377
1.060381
1.200587
1.340784
1.478761
1.612342
1.739420
1.857992
1.966186
2.062297
2.144810
2.212422
2.264068
2.298933
2.316467
2.316394
2.298715
2.263708
2.211927
2.144187
2.061556
1.965338
1.857051
1.738402
1.611261
1.477635
1.339631
1.199425
1.059228
0.921251
0.787670
0.660592
0.542020
0.433826
0.337715
0.255202
0.187590
0.135944
0.101079
0.083545
0.083618
0.101297
0.136303
0.188085
0.255825
0.338455
0.434673
0.542961
0.661610
0.788750
0.922376
1.060380
1.200587
1.340784
1.478761
1.612342
1.739420
1.857991
1.966185
2.062297
2.144809
2.212421
2.264067
2.298932
2.316466
2.316393
2.298714
2.263708
2.211926
2.144186
2.061556
1.965338
1.857051
1.738401
1.611261
1.477635
1.339631
1.199424
1.059227
0.921250
0.787669
0.660591
0.542020
0.433826
0.337714
0.255202
0.187590
0.135944
0.101079
0.083544
0.083617
0.101296
0.136303
0.188084
0.255825
0.338455
0.434673
0.542960
0.661610
0.788750
0.922376
1.060380
1.200586
1.340784
1.478761
1.612341
1.739419
1.857991
1.966185
2.062296
2.144809
2.212421
2.264067
2.298932
2.316466
2.316393
2.298714
2.263708
2.211926
2.144186
2.061555
1.965338
1.857050
1.738401
1.611261
1.477635
1.339630
1.199424
1.059227
0.921250
0.787669
0.660591
0.542020
0.433825
0.337714
0.255202
0.187589
0.135943
0.101078
0.083544
0.083617
0.101296
0.136303
0.188084
0.255824
0.338455
0.434672
0.542960
0.661609
0.788749
0.922375
1.060380
1.200586
1.340783
1.478760
1.612341
1.739419
1.857990
1.966185
2.062296
2.144808
2.212421
2.264067
2.298932
2.316466
2.316393
2.298714
2.263707
2.211926
2.144186
2.061555
1.965337
1.857050
1.738401
1.611260
1.477634
1.339630
1.199424
1.059227
0.921250
0.787669
0.660591
0.542019
0.433825
0.337714
0.255201
0.187589
0.135943
0.101078
0.083544
0.083617
0.101296
0.136302
0.188084
0.255824
0.338455
0.434672
0.542960
0.661609
0.788749
0.922375
1.060380
1.200586
1.340783
1.478760
1.612341
1.739419
1.857990
1.966185
2.062296
2.144808
2.212421
2.264066
2.298931
2.316466
2.316393
2.298714
2.263707
2.211926
2.144185
2.061555
1.965337
1.857050
1.738400
1.611260
1.477634
1.339630
1.199424
1.059226
0.921249
0.787669
0.660590
0.542019
0.433825
0.337714
0.255201
0.187589
0.135943
0.101078
0.083544
0.083617
0.101296
0.136302
0.188084
0.255824
0.338454
0.434672
0.542960
0.661609
0.788749
0.922375
1.060379
1.200586
1.340783
1.478760
1.612341
1.739419
1.857990
1.966184
2.062296
2.144808
2.212420
2.264066
2.298931
2.316466
2.316393
2.298713
2.263707
2.211926
2.144185
2.061555
1.965337
1.857050
1.738400
1.611260
1.477634
1.339630
1.199423
1.059226
0.921249
0.787668
0.660590
0.542019
0.433825
0.337713
0.255201
0.187589
0.135943
0.101078
0.083544
0.083617
0.101296
0.136302
0.188084
0.255824
0.338454
0.434672
0.542959
0.661609
0.788749
0.922375
1.060379
1.200586
1.340783
1.478760
1.612341
1.739419
1.857990
1.966184
2.062296
2.144808
2.212420
2.264066
2.298931
2.316465
2.316392
2.298713
2.263707
2.211925
2.144185
2.061555
1.965337
1.857050
1.738400
1.611260
1.477634
1.339630
1.199423
1.059226
0.921249
0.787668
0.660590
0.542019
0.433825
0.337713
0.255201
0.187589
0.135943
0.101078
0.083544
0.083617
0.101296
0.136302
0.188084
0.255824
0.338454
0.434672
0.542959
0.661609
0.788749
0.922375
1.060379
1.200586
1.340783
1.478760
1.612341
1.739419
1.857990
1.966184
2.062296
2.144808
2.212420
2.264066
2.298931
2.316465
2.316392
2.298713
2.263707
2.211925
2.144185
2.061555
1.965337
1.857050
1.738400
1.611260
1.477634
1.339630
1.199423
1.059226
0.921249
0.787668
0.660590
0.542019
0.433825
0.337713
0.255201
0.187589
0.135943
0.101078
0.083543
0.083616
0.101296
0.136302
0.188084
0.255824
0.338454
0.434672
0.542959
0.661609
0.788749
0.922375
1.060379
1.200586
1.340783
1.478760
1.612341
1.739419
1.857990
1.966184
2.062295
2.144808
2.212420
2.264066
2.298931
2.316465
2.316392
2.298713
2.263707
2.211925
2.144185
2.061555
1.965337
1.857050
1.738400
1.611260
1.477634
1.339630
1.199423
1.059226
0.921249
0.787668
0.660590
0.542019
0.433825
0.337713
0.255201
0.187589
0.135943
0.101078
0.083543
0.083616
0.101296
0.136302
0.188083
0.255824
0.338454
0.434672
0.542959
0.661609
0.788749
0.922375
1.060379
1.200586
1.340783
1.478760
1.612341
1.739419
1.857990
1.966184
2.062295
2.144808
2.212420
2.264066
2.298931
2.316465
2.316392
2.298713
2.263707
2.211925
2.144185
2.061555
1.965337
1.857050
1.738400
1.611260
1.477634
1.339630
1.199423
1.059226
0.921249
0.787668
0.660590
0.542019
0.433825
0.337713
0.255201
0.187589
0.135943
0.101078
0.083543
0.083616
0.101295
0.136302
0.188083
0.255824
0.338454
0.434672
0.542959
0.661609
0.788749
0.922375
1.060379
1.200586
1.340783
1.478760
1.612341
1.739419
1.857990
1.966184
2.062295
2.144808
2.212420
2.264066
2.298931
2.316465
2.316392
2.298713
2.263707
2.211925
2.144185
2.061555
1.965337
1.857050
1.738400
1.611260
1.477634
1.339630
1.199423
1.059226
0.921249
0.787668
0.660590
0.542019
0.433825
0.337713
0.255201
0.187589
0.135943
0.101078
0.083543
0.083616
0.101295
0.136302
0.188083
0.255824
0.338454
0.434672
0.542959
0.661609
0.788749
0.922375
1.060379
1.200585
1.340783
1.478760
1.612341
1.739419
1.857990
1.966184
2.062295
2.144808
2.212420
2.264066
2.298931
2.316465
2.316392
2.298713
2.263707
2.211925
2.144185
2.061555
1.965337
1.857049
1.738400
1.611260
1.477634
1.339630
1.199423
1.059226
0.921249
0.787668
0.660590
0.542019
0.433825
0.337713
0.255201
0.187589
0.135943
0.101078
0.083543
0.083616
0.101295
0.136302
0.188083
0.255824
0.338454
0.434672
0.542959
0.661609
0.788749
0.922375
1.060379
1.200585
1.340783
1.478760
1.612341
1.739419
1.857990
1.966184
2.062295
2.144808
2.212420
2.264066
2.298931
2.316465
2.316392
2.298713
2.263707
2.211925
2.144185
2.061555
1.965337
1.857049
1.738400
1.611260
1.477634
1.339630
1.199423
1.059226
0.921249
0.787668
0.660590
0.542019
0.433825
0.337713
0.255201
0.187589
0.135943
0.101078
0.083543
0.083616
0.101295
0.136302
0.188083
0.255824
0.338454
0.434672
0.542959
0.661609
0.788749
0.922375
1.060379
1.200585
1.340783
1.478760
1.612341
1.739419
1.857990
1.966184
2.062295
2.144808
2.212420
2.264066
2.298931
2.316465
2.316392
2.298713
2.263707
2.211925
2.144185
2.061555
1.965337
1.857049
1.738400
1.611260
1.477634
1.339630
1.199423
1.059226
0.921249
0.787668
0.660590
0.542019
0.433825
0.337713
0.255201
0.187589
0.135943
0.101078
0.083543
0.083616
0.101295
0.136302
0.188083
0.255824
0.338454
0.434672
0.542959
0.661609
0.788749
0.922375
1.060379
1.200585
1.340783
1.478760
1.612341
1.739419
1.857990
1.966184
2.062295
2.144808
2.212420
2.264066
2.298931
2.316465
2.316392
2.298713
2.263707
2.211925
2.144185
2.061555
1.965337
1.857049
1.738400
1.611260
1.477634
1.339630
1.199423
1.059226
0.921249
0.787668
0.660590
0.542019
0.433825
0.337713
0.255201
0.187589
0.135943
0.101078
0.083543
0.083616
0.101295
0.136302
0.188083
0.255824
0.338454
0.434672
0.542959
0.661609
0.788749
0.922375
1.060379
1.200585
1.340783
1.478760
1.612341
1.739419
1.857990
1.966184
2.062295
2.144808
2.212420
2.264066
2.298931
2.316465
2.316392
2.298713
2.263707
2.211925
2.144185
2.061555
1.965337
1.857049
1.738400
1.611260
1.477634
1.339630
1.199423
1.059226
0.921249
0.787668
0.660590
0.542019
0.433825
0.337713
0.255201
0.187589
0.135943
0.101078
0.083543
0.083616
0.101295
0.136302
0.188083
0.255824
0.338454
0.434672
0.542959
0.661609
0.788749
0.922375
1.060379
1.200585
1.340783
1.478760
1.612340
1.739419
1.857990
1.966184
2.062295
2.144808
2.212420
2.264066
2.298931
2.316465
2.316392
2.298713
2.263707
2.211925
2.144185
2.061555
1.965337
1.857049
1.738400
1.611260
1.477634
1.339630
1.199423
1.059226
0.921249
0.787668
0.660590
0.542019
0.433825
0.337713
0.255201
0.187589
0.135943
0.101078
0.083543
0.083616
0.101295
0.136302
0.188083
0.255824
0.338454
0.434672
0.542959
0.661609
0.788749
0.922375
1.060379
1.200585
1.340783
1.478760
1.612340
1.739419
1.857990
1.966184
2.062295
2.144808
2.212420
2.264066
2.298931
2.316465
2.316392
2.298713
2.263707
2.211925
2.144185
2.061555
1.965337
1.857049
1.738400
1.611260
1.477634
1.339630
1.199423
1.059226
0.921249
0.787668
0.660590
0.542019
0.433825
0.337713
0.255201
0.187589
0.135943
0.101078
0.083543
0.083616
0.101295
0.136302
0.188083
0.255824
0.338454
0.434672
0.542959
0.661609
0.788749
0.922375
1.060379
1.200585
1.340783
1.478760
1.612340
1.739419
1.857990
1.966184
2.062295
2.144808
2.212420
2.264066
2.298931
2.316465
2.316392
2.298713
2.263707
2.211925
2.144185
2.061555
1.965337
1.857049
1.738400
1.611260
1.477634
1.339630
1.199423
1.059226
0.921249
0.787668
0.660590
0.542019
0.433825
0.337713
0.255201
0.187589
0.135943
0.101078
0.083543
0.083616
0.101295
0.136302
0.188083
0.255824
0.338454
0.434672
0.542959
0.661609
0.788749
0.922375
1.060379
1.200585
1.340783
1.478760
1.612340
1.739419
1.857990
1.966184
2.062295
2.144808
2.212420
2.264066
2.298931
2.316465
2.316392
2.298713
2.263707
2.211925
2.144185
2.061555
1.965337
1.857049
1.738400
1.611260
1.477634
1.339630
1.199423
1.059226
0.921249
0.787668
0.660590
0.542019
0.433825
0.337713
0.255201
0.187589
0.135943
0.101078
0.083543
0.083616
0.101295
0.136302
0.188083
0.255824
0.338454
0.434672
0.542959
0.661609
0.788749
0.922375
1.060379
1.200585
1.340783
1.478760
1.612340
1.739419
1.857990
1.966184
2.062295
2.144808
2.212420
2.264066
2.298931
2.316465
2.316392
2.298713
2.263707
2.211925
2.144185
2.061555
1.965337
1.857049
1.738400
1.611260
1.477634
1.339630
1.199423
1.059226
0.921249
0.787668
0.660590
0.542019
0.433824
0.337713
0.255201
0.187589
0.135943
0.101078
0.083543
0.083616
0.101295
0.136302
0.188083
0.255824
0.338454
0.434672
0.542959
0.661609
0.788749
0.922375
1.060379
1.200585
1.340783
1.478760
1.612340
1.739419
1.857990
1.966184
2.062295
2.144808
2.212420
2.264066
2.298931
2.316465
2.316392
2.298713
2.263707
2.211925
2.144185
2.061555
1.965337
1.857049
1.738400
1.611260
1.477634
1.339629
1.199423
1.059226
0.921249
0.787668
0.660590
0.542019
0.433824
0.337713
0.255201
0.187589
0.135943
0.101078
0.083543
0.083616
0.101295
0.136302
0.188083
0.255824
0.338454
0.434672
0.542959
0.661609
0.788749
0.922375
1.060379
1.200585
1.340783
1.478760
1.612340
1.739419
1.857990
1.966184
2.062295
2.144808
2.212420
2.264066
2.298931
2.316465
2.316392
2.298713
2.263707
2.211925
2.144185
2.061555
1.965337
1.857049
1.738400
1.611260
1.477634
1.339629
1.199423
1.059226
0.921249
0.787668
0.660590
0.542019
0.433824
0.337713
0.255201
0.187589
0.135943
0.101078
0.083543
0.083616
0.101295
0.136302
0.188083
0.255824
0.338454
0.434672
0.542959
0.661609
0.788749
0.922375
1.060379
1.200585
1.340783
1.478760
1.612340
1.739419
1.857990
1.966184
2.062295
2.144808
2.212420
2.264066
2.298931
2.316465
2.316392
2.298713
2.263707
2.211925
2.144185
2.061555
1.965337
1.857049
1.738400
1.611260
1.477634
1.339629
1.199423
1.059226
0.921249
0.787668
0.660590
0.542019
0.433824
0.337713
0.255201
0.187589
0.135943
0.101078
0.083543
0.083616
0.101295
0.136302
0.188083
0.255824
0.338454
0.434672
0.542959
0.661609
0.788749
0.922375
1.060379
1.200585
1.340783
1.478760
1.612340
1.739419
1.857990
1.966184
2.062295
2.144808
2.212420
2.264066
2.298931
2.316465
2.316392
2.298713
2.263707
2.211925
2.144185
2.061555
1.965337
1.857049
1.738400
1.611260
1.477634
1.339629
1.199423
1.059226
0.921249
0.787668
0.660590
0.542019
0.433824
0.337713
0.255201
0.187589
0.135943
0.101078
0.083543
0.083616
0.101295
0.136302
0.188083
0.255824
0.338454
0.434672
0.542959
0.661609
0.788749
0.922375
1.060379
1.200585
1.340783
1.478760
1.612340
1.739419
1.857990
1.966184
2.062295
2.144808
2.212420
2.264066
2.298931
2.316465
2.316392
2.298713
2.263707
2.211925
2.144185
2.061555
1.965337
1.857049
1.738400
1.611260
1.477634
1.339629
1.199423
1.059226
0.921249
0.787668
0.660590
0.542019
0.433824
0.337713
0.255201
0.187589
0.135943
0.101078
0.083543
0.083616
0.101295
0.136302
0.188083
0.255824
0.338454
0.434672
0.542959
0.661609
0.788749
0.922375
1.060379
1.200585
1.340783
1.478760
1.612340
1.739419
1.857990
1.966184
2.062295
2.144808
2.212420
2.264066
2.298931
2.316465
2.316392
2.298713
2.263707
2.211925
2.144185
2.061555
1.965337
1.857049
1.738400
1.611260
1.477634
1.339629
1.199423
1.059226
0.921249
0.787668
0.660590
0.542019
0.433824
0.337713
0.255201
0.187589
0.135943
0.101078
0.083543
0.083616
0.101295
0.136302
0.188083
0.255824
0.338454
0.434672
0.542959
0.661609
0.788749
0.922375
1.060379
1.200585
1.340783
1.478760
1.612340
1.739419
1.857990
1.966184
2.062295
2.144808
2.212420
2.264066
2.298931
2.316465
2.316392
2.298713
2.263707
2.211925
2.144185
2.061555
1.965337
1.857049
1.738400
1.611260
1.477634
1.339629
1.199423
1.059226
0.921249
0.787668
0.660590
0.542019
0.433824
0.337713
0.255201
0.187589
0.135943
0.101078
0.083543
0.083616
0.101295
0.136302
0.188083
0.255824
0.338454
0.434672
0.542959
0.661609
0.788749
0.922375
1.060379
1.200585
1.340783
1.478760
1.612340
1.739419
1.857990
1.966184
2.062295
2.144808
2.212420
2.264066
2.298931
2.316465
2.316392
2.298713
2.263707
2.211925
2.144185
2.061555
1.965337
1.857049
1.738400
1.611260
1.477634
1.339629
1.199423
1.059226
0.921249
0.787668
0.660590
0.542019
0.433824
0.337713
0.255201
0.187589
0.135943
0.101078
0.083543
0.083616
0.101295
0.136302
0.188083
0.255824
0.338454
0.434672
0.542959
0.661609
0.788749
0.922375
1.060379
1.200585
1.340783
1.478760
1.612340
1.739419
1.857990
1.966184
2.062295
2.144808
2.212420
2.264066
2.298931
2.316465
2.316392
2.298713
2.263707
2.211925
2.144185
2.061555
1.965337
1.857049
1.738400
1.611260
1.477634
1.339629
1.199423
1.059226
0.921249
0.787668
0.660590
0.542019
0.433824
0.337713
0.255201
0.187589
0.135943
0.101078
0.083543
0.083616
0.101295
0.136302
0.188083
0.255824
0.338454
0.434672
0.542959
0.661609
0.788749
0.922375
1.060379
1.200585
1.340783
1.478760
1.612340
1.739419
1.857990
1.966184
2.062295
2.144808
2.212420
2.264066
2.298931
2.316465
2.316392
2.298713
2.263707
2.211925
2.144185
2.061555
1.965337
1.857049
1.738400
1.611260
1.477634
1.339629
1.199423
1.059226
0.921249
0.787668
0.660590
0.542019
0.433824
0.337713
0.255201
0.187589
0.135943
0.101078
0.083543
0.083616
0.101295
0.136302
0.188083
0.255824
0.338454
0.434672
0.542959
0.661609
0.788749
0.922375
1.060379
1.200585
1.340783
1.478760
1.612340
1.739419
1.857990
1.966184
2.062295
2.144808
2.212420
2.264066
2.298931
2.316465
2.316392
2.298713
2.263707
2.211925
2.144185
2.061555
1.965337
1.857049
1.738400
1.611260
1.477634
1.339629
1.199423
1.059226
0.921249
0.787668
0.660590
0.542019
0.433824
0.337713
0.255201
0.187589
0.135943
0.101078
0.083543
0.083616
0.101295
0.136302
0.188083
0.255824
0.338454
0.434672
0.542959
0.661609
0.788749
0.922375
1.060379
1.200585
1.340783
1.478760
1.612340
1.739419
1.857990
1.966184
2.062295
2.144808
2.212420
2.264066
2.298931
2.316465
2.316392
2.298713
2.263707
2.211925
2.144185
2.061555
1.965337
1.857049
1.738400
1.611260
1.477634
1.339629
1.199423
1.059226
0.921249
0.787668
0.660590
0.542019
0.433824
0.337713
0.255201
0.187589
0.135943
0.101078
0.083543
0.083616
0.101295
0.136302
0.188083
0.255824
0.338454
0.434672
0.542959
0.661609
0.788749
0.922375
1.060379
1.200585
1.340783
1.478760
1.612340
1.739419
1.857990
1.966184
2.062295
2.144808
2.212420
2.264066
2.298931
2.316465
2.316392
2.298713
2.263707
2.211925
2.144185
2.061555
1.965337
1.857049
1.738400
1.611260
1.477634
1.339629
1.199423
1.059226
0.921249
0.787668
0.660590
0.542019
0.433824
0.337713
0.255201
0.187589
0.135943
0.101078
0.083543
0.083616
0.101295
0.136302
0.188083
0.255824
0.338454
0.434672
0.542959
0.661609
0.788749
0.922375
1.060379
1.200585
1.340783
1.478760
1.612340
1.739419
1.857990
1.966184
2.062295
2.144808
2.212420
2.264066
2.298931
2.316465
2.316392
2.298713
2.263707
2.211925
2.144185
2.061555
1.965337
1.857049
1.738400
1.611260
1.477634
1.339629
1.199423
1.059226
0.921249
0.787668
0.660590
0.542019
0.433824
0.337713
0.255201
0.187589
0.135943
0.101078
0.083543
0.083616
0.101295
0.136302
0.188083
0.255824
0.338454
0.434672
0.542959
0.661609
0.788749
0.922375
1.060379
1.200585
1.340783
1.478760
1.612340
1.739419
1.857990
1.966184
2.062295
2.144808
2.212420
2.264066
2.298931
2.316465
2.316392
2.298713
2.263707
2.211925
2.144185
2.061555
1.965337
1.857049
1.738400
1.611260
1.477634
1.339629
1.199423
1.059226
0.921249
0.787668
0.660590
0.542019
0.433824
0.337713
0.255201
0.187589
0.135943
0.101078
0.083543
0.083616
0.101295
0.136302
0.188083
0.255824
0.338454
0.434672
0.542959
0.661609
0.788749
0.922375
1.060379
1.200585
1.340783
1.478760
1.612340
1.739419
1.857990
1.966184
2.062295
2.144808
2.212420
2.264066
2.298931
2.316465
2.316392
2.298713
2.263707
2.211925
2.144185
2.061555
1.965337
1.857049
1.738400
1.611260
1.477634
1.339629
1.199423
1.059226
0.921249
0.787668
0.660590
0.542019
0.433824
0.337713
0.255201
0.187589
0.135943
0.101078
0.083543
0.083616
0.101295
0.136302
0.188083
0.255824
0.338454
0.434672
0.542959
0.661609
0.788749
0.922375
1.060379
1.200585
1.340783
1.478760
1.612340
1.739419
1.857990
1.966184
2.062295
2.144808
2.212420
2.264066
2.298931
2.316465
2.316392
2.298713
2.263707
2.211925
2.144185
2.061555
1.965337
1.857049
1.738400
1.611260
1.477634
1.339629
1.199423
1.059226
0.921249
0.787668
0.660590
0.542019
0.433824
0.337713
0.255201
0.187589
0.135943
0.101078
0.083543
0.083616
0.101295
0.136302
0.188083
0.255824
0.338454
0.434672
0.542959
0.661609
0.788749
0.922375
1.060379
1.200585
1.340783
1.478760
1.612340
1.739419
1.857990
1.966184
2.062295
2.144808
2.212420
2.264066
2.298931
2.316465
2.316392
2.298713
2.263707
2.211925
2.144185
2.061555
1.965337
1.857049
1.738400
1.611260
1.477634
1.339629
1.199423
1.059226
0.921249
0.787668
0.660590
0.542019
0.433824
0.337713
0.255201
0.187589
0.135943
0.101078
0.083543
0.083616
0.101295
0.136302
0.188083
0.255824
0.338454
0.434672
0.542959
0.661609
0.788749
0.922375
1.060379
1.200585
1.340783
1.478760
1.612340
1.739419
1.857990
1.966184
2.062295
2.144808
2.212420
2.264066
2.298931
2.316465
2.316392
2.298713
2.263707
2.211925
2.144185
2.061555
1.965337
1.857049
1.738400
1.611260
1.477634
1.339629
1.199423
1.059226
0.921249
0.787668
0.660590
0.542019
0.433824
0.337713
0.255201
0.187589
0.135943
0.101078
0.083543
0.083616
0.101295
0.136302
0.188083
0.255824
0.338454
0.434672
0.542959
0.661609
0.788749
0.922375
1.060379
1.200585
1.340783
1.478760
1.612340
1.739419
1.857990
1.966184
2.062295
2.144808
2.212420
2.264066
2.298931
2.316465
2.316392
2.298713
2.263707
2.211925
2.144185
2.061555
1.965337
1.857049
1.738400
1.611260
1.477634
1.339629
1.199423
1.059226
0.921249
0.787668
0.660590
0.542019
0.433824
0.337713
0.255201
0.187589
0.135943
0.101078
0.083543
0.083616
0.101295
0.136302
0.188083
0.255824
0.338454
0.434672
0.542959
0.661609
0.788749
0.922375
1.060379
1.200585
1.340783
1.478760
1.612340
1.739419
1.857990
1.966184
2.062295
2.144808
2.212420
2.264066
2.298931
2.316465
2.316392
2.298713
2.263707
2.211925
2.144185
2.061555
1.965337
1.857049
1.738400
1.611260
1.477634
1.339629
1.199423
1.059226
0.921249
0.787668
0.660590
0.542019
0.433824
0.337713
0.255201
0.187589
0.135943
0.101078
0.083543
0.083616
0.101295
0.136302
0.188083
0.255824
0.338454
0.434672
0.542959
0.661609
0.788749
0.922375
1.060379
1.200585
1.340783
1.478760
1.612340
1.739419
1.857990
1.966184
2.062295
2.144808
2.212420
2.264066
2.298931
2.316465
2.316392
2.298713
2.263707
2.211925
2.144185
2.061555
1.965337
1.857049
1.738400
1.611260
1.477634
1.339629
1.199423
1.059226
0.921249
0.787668
0.660590
0.542019
0.433824
0.337713
0.255201
0.187589
0.135943
0.101078
0.083543
0.083616
0.101295
0.136302
0.188083
0.255824
0.338454
0.434672
0.542959
0.661609
0.788749
0.922375
1.060379
1.200585
1.340783
1.478760
1.612340
1.739419
1.857990
1.966184
2.062295
2.144808
2.212420
2.264066
2.298931
2.316465
2.316392
2.298713
2.263707
2.211925
2.144185
2.061555
1.965337
1.857049
1.738400
1.611260
1.477634
1.339629
1.199423
1.059226
0.921249
0.787668
0.660590
0.542019
0.433824
0.337713
0.255201
0.187589
0.135943
0.101078
0.083543
0.083616
0.101295
0.136302
0.188083
0.255824
0.338454
0.434672
0.542959
0.661609
0.788749
0.922375
1.060379
1.200585
1.340783
1.478760
1.612340
1.739419
1.857990
1.966184
2.062295
2.144808
2.212420
2.264066
2.298931
2.316465
2.316392
2.298713
2.263707
2.211925
2.144185
2.061555
1.965337
1.857049
1.738400
1.611260
1.477634
1.339629
1.199423
1.059226
0.921249
0.787668
0.660590
0.542019
0.433824
0.337713
0.255201
0.187589
0.135943
0.101078
0.083543
0.083616
0.101295
0.136302
0.188083
0.255824
0.338454
0.434672
0.542959
0.661609
0.788749
0.922375
1.060379
1.200585
1.340783
1.478760
1.612340
1.739419
1.857990
1.966184
2.062295
2.144808
2.212420
2.264066
2.298931
2.316465
2.316392
2.298713
2.263707
2.211925
2.144185
2.061555
1.965337
1.857049
1.738400
1.611260
1.477634
1.339629
1.199423
1.059226
0.921249
0.787668
0.660590
0.542019
0.433824
0.337713
0.255201
0.187589
0.135943
0.101078
0.083543
0.083616
0.101295
0.136302
0.188083
0.255824
0.338454
0.434672
0.542959
0.661609
0.788749
0.922375
1.060379
1.200585
1.340783
1.478760
1.612340
1.739419
1.857990
1.966184
2.062295
2.144808
2.212420
2.264066
2.298931
2.316465
2.316392
2.298713
2.263707
2.211925
2.144185
2.061555
1.965337
1.857049
1.738400
1.611260
1.477634
1.339629
1.199423
1.059226
0.921249
0.787668
0.660590
0.542019
0.433824
0.337713
0.255201
0.187589
0.135943
0.101078
0.083543
0.083616
0.101295
0.136302
0.188083
0.255824
0.338454
0.434672
0.542959
0.661609
0.788749
0.922375
1.060379
1.200585
1.340783
1.478760
1.612340
1.739419
1.857990
1.966184
2.062295
2.144808
2.212420
2.264066
2.298931
2.316465
2.316392
2.298713
2.263707
2.211925
2.144185
2.061555
1.965337
1.857049
1.738400
1.611260
1.477634
1.339629
1.199423
1.059226
0.921249
0.787668
0.660590
0.542019
0.433824
0.337713
0.255201
0.187589
0.135943
0.101078
0.083543
0.083616
0.101295
0.136302
0.188083
0.255824
0.338454
0.434672
0.542959
0.661609
0.788749
0.922375
1.060379
1.200585
1.340783
1.478760
1.612340
1.739419
1.857990
1.966184
2.062295
2.144808
2.212420
2.264066
2.298931
2.316465
2.316392
2.298713
2.263707
2.211925
2.144185
2.061555
1.965337
1.857049
1.738400
1.611260
1.477634
1.339629
1.199423
1.059226
0.921249
0.787668
0.660590
0.542019
0.433824
0.337713
0.255201
0.187589
0.135943
0.101078
0.083543
0.083616
0.101295
0.136302
0.188083
0.255824
0.338454
0.434672
0.542959
0.661609
0.788749
0.922375
1.060379
1.200585
1.340783
1.478760
1.612340
1.739419
1.857990
1.966184
2.062295
2.144808
2.212420
2.264066
2.298931
2.316465
2.316392
2.298713
2.263707
2.211925
2.144185
2.061555
1.965337
1.857049
1.738400
1.611260
1.477634
1.339629
1.199423
1.059226
0.921249
0.787668
0.660590
0.542019
0.433824
0.337713
0.255201
0.187589
0.135943
0.101078
0.083543
0.083616
0.101295
0.136302
0.188083
0.255824
0.338454
0.434672
0.542959
0.661609
0.788749
0.922375
1.060379
1.200585
1.340783
1.478760
1.612340
1.739419
1.857990
1.966184
2.062295
2.144808
2.212420
2.264066
2.298931
2.316465
2.316392
2.298713
2.263707
2.211925
2.144185
2.061555
1.965337
1.857049
1.738400
1.611260
1.477634
1.339629
1.199423
1.059226
0.921249
0.787668
0.660590
0.542019
0.433824
0.337713
0.255201
0.187589
0.135943
0.101078
0.083543
0.083616
0.101295
0.136302
0.188083
0.255824
0.338454
0.434672
0.542959
0.661609
0.788749
0.922375
1.060379
1.200585
1.340783
1.478760
1.612340
1.739419
1.857990
1.966184
2.062295
2.144808
2.212420
2.264066
2.298931
2.316465
2.316392
2.298713
2.263707
2.211925
2.144185
2.061555
1.965337
1.857049
1.738400
1.611260
1.477634
1.339629
1.199423
1.059226
0.921249
0.787668
0.660590
0.542019
0.433824
0.337713
0.255201
0.187589
0.135943
0.101078
0.083543
0.083616
0.101295
0.136302
0.188083
0.255824
0.338454
0.434672
0.542959
0.661609
0.788749
0.922375
1.060379
1.200585
1.340783
1.478760
1.612340
1.739419
1.857990
1.966184
2.062295
2.144808
2.212420
2.264066
2.298931
2.316465
2.316392
2.298713
2.263707
2.211925
2.144185
2.061555
1.965337
1.857049
1.738400
1.611260
1.477634
1.339629
1.199423
1.059226
0.921249
0.787668
0.660590
0.542019
0.433824
0.337713
0.255201
0.187589
0.135943
0.101078
0.083543
0.083616
0.101295
0.136302
0.188083
0.255824
0.338454
0.434672
0.542959
0.661609
0.788749
0.922375
1.060379
1.200585
1.340783
1.478760
1.612340
1.739419
1.857990
1.966184
2.062295
2.144808
2.212420
2.264066
2.298931
2.316465
2.316392
2.298713
2.263707
2.211925
2.144185
2.061555
1.965337
1.857049
1.738400
1.611260
1.477634
1.339629
1.199423
1.059226
0.921249
0.787668
0.660590
0.542019
0.433824
0.337713
0.255201
0.187589
0.135943
0.101078
0.083543
0.083616
0.101295
0.136302
0.188083
0.255824
0.338454
0.434672
0.542959
0.661609
0.788749
0.922375
1.060379
1.200585
1.340783
1.478760
1.612340
1.739419
1.857990
1.966184
2.062295
2.144808
2.212420
2.264066
2.298931
2.316465
2.316392
2.298713
2.263707
2.211925
2.144185
2.061555
1.965337
1.857049
1.738400
1.611260
1.477634
1.339629
1.199423
1.059226
0.921249
0.787668
0.660590
0.542019
0.433824
0.337713
0.255201
0.187589
0.135943
0.101078
0.083543
0.083616
0.101295
0.136302
0.188083
0.255824
0.338454
0.434672
0.542959
0.661609
0.788749
0.922375
1.060379
1.200585
1.340783
1.478760
1.612340
1.739419
1.857990
1.966184
2.062295
2.144808
2.212420
2.264066
2.298931
2.316465
2.316392
2.298713
2.263707
2.211925
2.144185
2.061555
1.965337
1.857049
1.738400
1.611260
1.477634
1.339629
1.199423
1.059226
0.921249
0.787668
0.660590
0.542019
0.433824
0.337713
0.255201
0.187589
0.135943
0.101078
0.083543
0.083616
0.101295
0.136302
0.188083
0.255824
0.338454
0.434672
0.542959
0.661609
0.788749
0.922375
1.060379
1.200585
1.340783
1.478760
1.612340
1.739419
1.857990
1.966184
2.062295
2.144808
2.212420
2.264066
2.298931
2.316465
2.316392
2.298713
2.263707
2.211925
2.144185
2.061555
1.965337
1.857049
1.738400
1.611260
1.477634
1.339629
1.199423
1.059226
0.921249
0.787668
0.660590
0.542019
0.433824
0.337713
0.255201
0.187589
0.135943
0.101078
0.083543
0.083616
0.101295
0.136302
0.188083
0.255824
0.338454
0.434672
0.542959
0.661609
0.788749
0.922375
1.060379
1.200585
1.340783
1.478760
1.612340
1.739419
1.857990
1.966184
2.062295
2.144808
2.212420
2.264066
2.298931
2.316465
2.316392
2.298713
2.263707
2.211925
2.144185
2.061555
1.965337
1.857049
1.738400
1.611260
1.477634
1.339629
1.199423
1.059226
0.921249
0.787668
0.660590
0.542019
0.433824
0.337713
0.255201
0.187589
0.135943
0.101078
0.083543
0.083616
0.101295
0.136302
0.188083
0.255824
0.338454
0.434672
0.542959
0.661609
0.788749
0.922375
1.060379
1.200585
1.340783
1.478760
1.612340
1.739419
1.857990
1.966184
2.062295
2.144808
2.212420
2.264066
2.298931
2.316465
2.316392
2.298713
2.263707
2.211925
2.144185
2.061555
1.965337
1.857049
1.738400
1.611260
1.477634
1.339629
1.199423
1.059226
0.921249
0.787668
0.660590
0.542019
0.433824
0.337713
0.255201
0.187589
0.135943
0.101078
0.083543
0.083616
0.101295
0.136302
0.188083
0.255824
0.338454
0.434672
0.542959
0.661609
0.788749
0.922375
1.060379
1.200585
1.340783
1.478760
1.612340
1.739419
1.857990
1.966184
2.062295
2.144808
2.212420
2.264066
2.298931
2.316465
2.316392
2.298713
2.263707
2.211925
2.144185
2.061555
1.965337
1.857049
1.738400
1.611260
1.477634
1.339629
1.199423
1.059226
0.921249
0.787668
0.660590
0.542019
0.433824
0.337713
0.255201
0.187589
0.135943
0.101078
0.083543
0.083616
0.101295
0.136302
0.188083
0.255824
0.338454
0.434672
0.542959
0.661609
0.788749
0.922375
1.060379
1.200585
1.340783
1.478760
1.612340
1.739419
1.857990
1.966184
2.062295
2.144808
2.212420
2.264066
2.298931
2.316465
2.316392
2.298713
2.263707
2.211925
2.144185
2.061555
1.965337
1.857049
1.738400
1.611260
1.477634
1.339629
1.199423
1.059226
0.921249
0.787668
0.660590
0.542019
0.433824
0.337713
0.255201
0.187589
0.135943
0.101078
0.083543
0.083616
0.101295
0.136302
0.188083
0.255824
0.338454
0.434672
0.542959
0.661609
0.788749
0.922375
1.060379
1.200585
1.340783
1.478760
1.612340
1.739419
1.857990
1.966184
2.062295
2.144808
2.212420
2.264066
2.298931
2.316465
2.316392
2.298713
2.263707
2.211925
2.144185
2.061555
1.965337
1.857049
1.738400
1.611260
1.477634
1.339629
1.199423
1.059226
0.921249
0.787668
0.660590
0.542019
0.433824
0.337713
0.255201
0.187589
0.135943
0.101078
0.083543
0.083616
0.101295
0.136302
0.188083
0.255824
0.338454
0.434672
0.542959
0.661609
0.788749
0.922375
1.060379
1.200585
1.340783
1.478760
1.612340
1.739419
1.857990
1.966184
2.062295
2.144808
2.212420
2.264066
2.298931
2.316465
2.316392
2.298713
2.263707
2.211925
2.144185
2.061555
1.965337
1.857049
1.738400
1.611260
1.477634
1.339629
1.199423
1.059226
0.921249
0.787668
0.660590
0.542019
0.433824
0.337713
0.255201
0.187589
0.135943
0.101078
0.083543
0.083616
0.101295
0.136302
0.188083
0.255824
0.338454
0.434672
0.542959
0.661609
0.788749
0.922375
1.060379
1.200585
1.340783
1.478760
1.612340
1.739419
1.857990
1.966184
2.062295
2.144808
2.212420
2.264066
2.298931
2.316465
2.316392
2.298713
2.263707
2.211925
2.144185
2.061555
1.965337
1.857049
1.738400
1.611260
1.477634
1.339629
1.199423
1.059226
0.921249
0.787668
0.660590
0.542019
0.433824
0.337713
0.255201
0.187589
0.135943
0.101078
0.083543
0.083616
0.101295
0.136302
0.188083
0.255824
0.338454
0.434672
0.542959
0.661609
0.788749
0.922375
1.060379
1.200585
1.340783
1.478760
1.612340
1.739419
1.857990
1.966184
2.062295
2.144808
2.212420
2.264066
2.298931
2.316465
2.316392
2.298713
2.263707
2.211925
2.144185
2.061555
1.965337
1.857049
1.738400
1.611260
1.477634
1.339629
1.199423
1.059226
0.921249
0.787668
0.660590
0.542019
0.433824
0.337713
0.255201
0.187589
0.135943
0.101078
0.083543
0.083616
0.101295
0.136302
0.188083
0.255824
0.338454
0.434672
0.542959
0.661609
0.788749
0.922375
1.060379
1.200585
1.340783
1.478760
1.612340
1.739419
1.857990
1.966184
2.062295
2.144808
2.212420
2.264066
2.298931
2.316465
2.316392
2.298713
2.263707
2.211925
2.144185
2.061555
1.965337
1.857049
1.738400
1.611260
1.477634
1.339629
1.199423
1.059226
0.921249
0.787668
0.660590
0.542019
0.433824
0.337713
0.255201
0.187589
0.135943
0.101078
0.083543
0.083616
0.101295
0.136302
0.188083
0.255824
0.338454
0.434672
0.542959
0.661609
0.788749
0.922375
1.060379
1.200585
1.340783
1.478760
1.612340
1.739419
1.857990
1.966184
2.062295
2.144808
2.212420
2.264066
2.298931
2.316465
2.316392
2.298713
2.263707
2.211925
2.144185
2.061555
1.965337
1.857049
1.738400
1.611260
1.477634
1.339629
1.199423
1.059226
0.921249
0.787668
0.660590
0.542019
0.433824
0.337713
0.255201
0.187589
0.135943
0.101078
0.083543
0.083616
0.101295
0.136302
0.188083
0.255824
0.338454
0.434672
0.542959
0.661609
0.788749
0.922375
1.060379
1.200585
1.340783
1.478760
1.612340
1.739419
1.857990
1.966184
2.062295
2.144808
2.212420
2.264066
2.298931
2.316465
2.316392
2.298713
2.263707
2.211925
2.144185
2.061555
1.965337
1.857049
1.738400
1.611260
1.477634
1.339629
1.199423
1.059226
0.921249
0.787668
0.660590
0.542019
0.433824
0.337713
0.255201
0.187589
0.135943
0.101078
0.083543
0.083616
0.101295
0.136302
0.188083
0.255824
0.338454
0.434672
0.542959
0.661609
0.788749
0.922375
1.060379
1.200585
1.340783
1.478760
1.612340
1.739419
1.857990
1.966184
2.062295
2.144808
2.212420
2.264066
2.298931
2.316465
2.316392
2.298713
2.263707
2.211925
2.144185
2.061555
1.965337
1.857049
1.738400
1.611260
1.477634
1.339629
1.199423
1.059226
0.921249
0.787668
0.660590
0.542019
0.433824
0.337713
0.255201
0.187589
0.135943
0.101078
0.083543
0.083616
0.101295
0.136302
0.188083
0.255824
0.338454
0.434672
0.542959
0.661609
0.788749
0.922375
1.060379
1.200585
1.340783
1.478760
1.612340
1.739419
1.857990
1.966184
2.062295
2.144808
2.212420
2.264066
2.298931
2.316465
2.316392
2.298713
2.263707
2.211925
2.144185
2.061555
1.965337
1.857049
1.738400
1.611260
1.477634
1.339629
1.199423
1.059226
0.921249
0.787668
0.660590
0.542019
0.433824
0.337713
0.255201
0.187589
0.135943
0.101078
0.083543
0.083616
0.101295
0.136302
0.188083
0.255824
0.338454
0.434672
0.542959
0.661609
0.788749
0.922375
1.060379
1.200585
1.340783
1.478760
1.612340
1.739419
1.857990
1.966184
2.062295
2.144808
2.212420
2.264066
2.298931
2.316465
2.316392
2.298713
2.263707
2.211925
2.144185
2.061555
1.965337
1.857049
1.738400
1.611260
1.477634
1.339629
1.199423
1.059226
0.921249
0.787668
0.660590
0.542019
0.433824
0.337713
0.255201
0.187589
0.135943
0.101078
0.083543
0.083616
0.101295
0.136302
0.188083
0.255824
0.338454
0.434672
0.542959
0.661609
0.788749
0.922375
1.060379
1.200585
1.340783
1.478760
1.612340
1.739419
1.857990
1.966184
2.062295
2.144808
2.212420
2.264066
2.298931
2.316465
2.316392
2.298713
2.263707
2.211925
2.144185
2.061555
1.965337
1.857049
1.738400
1.611260
1.477634
1.339629
1.199423
1.059226
0.921249
0.787668
0.660590
0.542019
0.433824
0.337713
0.255201
0.187589
0.135943
0.101078
0.083543
0.083616
0.101295
0.136302
0.188083
0.255824
0.338454
0.434672
0.542959
0.661609
0.788749
0.922375
1.060379
1.200585
1.340783
1.478760
1.612340
1.739419
1.857990
1.966184
2.062295
2.144808
2.212420
2.264066
2.298931
2.316465
2.316392
2.298713
2.263707
2.211925
2.144185
2.061555
1.965337
1.857049
1.738400
1.611260
1.477634
1.339629
1.199423
1.059226
0.921249
0.787668
0.660590
0.542019
0.433824
0.337713
0.255201
0.187589
0.135943
0.101078
0.083543
0.083616
0.101295
0.136302
0.188083
0.255824
0.338454
0.434672
0.542959
0.661609
0.788749
0.922375
1.060379
1.200585
1.340783
1.478760
1.612340
1.739419
1.857990
1.966184
2.062295
2.144808
2.212420
2.264066
2.298931
2.316465
2.316392
2.298713
2.263707
2.211925
2.144185
2.061555
1.965337
1.857049
1.738400
1.611260
1.477634
1.339629
1.199423
1.059226
0.921249
0.787668
0.660590
0.542019
0.433824
0.337713
0.255201
0.187589
0.135943
0.101078
0.083543
0.083616
0.101295
0.136302
0.188083
0.255824
0.338454
0.434672
0.542959
0.661609
0.788749
0.922375
1.060379
1.200585
1.340783
1.478760
1.612340
1.739419
1.857990
1.966184
2.062295
2.144808
2.212420
2.264066
2.298931
2.316465
2.316392
2.298713
2.263707
2.211925
2.144185
2.061555
1.965337
1.857049
1.738400
1.611260
1.477634
1.339629
1.199423
1.059226
0.921249
0.787668
0.660590
0.542019
0.433824
0.337713
0.255201
0.187589
0.135943
0.101078
0.083543
0.083616
0.101295
0.136302
0.188083
0.255824
0.338454
0.434672
0.542959
0.661609
0.788749
0.922375
1.060379
1.200585
1.340783
1.478760
1.612340
1.739419
1.857990
1.966184
2.062295
2.144808
2.212420
2.264066
2.298931
2.316465
2.316392
2.298713
2.263707
2.211925
2.144185
2.061555
1.965337
1.857049
1.738400
1.611260
1.477634
1.339629
1.199423
1.059226
0.921249
0.787668
0.660590
0.542019
0.433824
0.337713
0.255201
0.187589
0.135943
0.101078
0.083543
0.083616
0.101295
0.136302
0.188083
0.255824
0.338454
0.434672
0.542959
0.661609
0.788749
0.922375
1.060379
1.200585
1.340783
1.478760
1.612340
1.739419
1.857990
1.966184
2.062295
2.144808
2.212420
2.264066
2.298931
2.316465
2.316392
2.298713
2.263707
2.211925
2.144185
2.061555
1.965337
1.857049
1.738400
1.611260
1.477634
1.339629
1.199423
1.059226
0.921249
0.787668
0.660590
0.542019
0.433824
0.337713
0.255201
0.187589
0.135943
0.101078
0.083543
0.083616
0.101295
0.136302
0.188083
0.255824
0.338454
0.434672
0.542959
0.661609
0.788749
0.922375
1.060379
1.200585
1.340783
1.478760
1.612340
1.739419
1.857990
1.966184
2.062295
2.144808
2.212420
2.264066
2.298931
2.316465
2.316392
2.298713
2.263707
2.211925
2.144185
2.061555
1.965337
1.857049
1.738400
1.611260
1.477634
1.339629
1.199423
1.059226
0.921249
0.787668
0.660590
0.542019
0.433824
0.337713
0.255201
0.187589
0.135943
0.101078
0.083543
0.083616
0.101295
0.136302
0.188083
0.255824
0.338454
0.434672
0.542959
0.661609
0.788749
0.922375
1.060379
1.200585
1.340783
1.478760
1.612340
1.739419
1.857990
1.966184
2.062295
2.144808
2.212420
2.264066
2.298931
2.316465
2.316392
2.298713
2.263707
2.211925
2.144185
2.061555
1.965337
1.857049
1.738400
1.611260
1.477634
1.339629
1.199423
1.059226
0.921249
0.787668
0.660590
0.542019
0.433824
0.337713
0.255201
0.187589
0.135943
0.101078
0.083543
0.083616
0.101295
0.136302
0.188083
0.255824
0.338454
0.434672
0.542959
0.661609
0.788749
0.922375
1.060379
1.200585
1.340783
1.478760
1.612340
1.739419
1.857990
1.966184
2.062295
2.144808
2.212420
2.264066
2.298931
2.316465
2.316392
2.298713
2.263707
2.211925
2.144185
2.061555
1.965337
1.857049
1.738400
1.611260
1.477634
1.339629
1.199423
1.059226
0.921249
0.787668
0.660590
0.542019
0.433824
0.337713
0.255201
0.187589
0.135943
0.101078
0.083543
0.083616
0.101295
0.136302
0.188083
0.255824
0.338454
0.434672
0.542959
0.661609
0.788749
0.922375
1.060379
1.200585
1.340783
1.478760
1.612340
1.739419
1.857990
1.966184
2.062295
2.144808
2.212420
2.264066
2.298931
2.316465
2.316392
2.298713
2.263707
2.211925
2.144185
2.061555
1.965337
1.857049
1.738400
1.611260
1.477634
1.339629
1.199423
1.059226
0.921249
0.787668
0.660590
0.542019
0.433824
0.337713
0.255201
0.187589
0.135943
0.101078
0.083543
0.000000
