-0.101766 
-0.143996 
-0.174969 
-0.190939 
-0.188106 
-0.177352 
-0.165132 
-0.156075 
-0.153135 
-0.153626 
-0.152868 
-0.147847 
-0.140015 
-0.130109 
-0.117693 
-0.105005 
-0.092413 
-0.080097 
-0.069585 
-0.059872 
-0.051600 
-0.041344 
-0.031350 
-0.020549 
-0.011164 
-0.002753 
0.005419 
0.012044 
0.019246 
0.026411 
0.032052 
0.035822 
0.039476 
0.045313 
0.049848 
0.053569 
0.056227 
0.058203 
0.060724 
0.061256 
0.061403 
0.061083 
0.060596 
0.061068 
0.060836 
0.059496 
0.057385 
0.055293 
0.053762 
0.051894 
0.049035 
0.046488 
0.043252 
0.039914 
0.036495 
0.033001 
0.029307 
0.025593 
0.021625 
0.016908 
0.011956 
0.006520 
0.001548 
-0.003623 
-0.008640 
-0.013313 
-0.018282 
-0.021504 
-0.024152 
-0.026715 
-0.030274 
-0.034778 
-0.036788 
-0.040430 
-0.044169 
-0.048054 
-0.052755 
-0.056068 
-0.059673 
-0.063821 
-0.067917 
-0.072010 
-0.076953 
-0.081301 
-0.085075 
-0.088704 
-0.092734 
-0.094940 
-0.097880 
-0.100762 
-0.103400 
-0.106649 
-0.108881 
-0.110890 
-0.112453 
-0.113036 
-0.114849 
-0.115704 
-0.116666 
-0.117227 
-0.116079 
-0.116516 
-0.115916 
-0.115340 
-0.113363 
-0.110692 
-0.108952 
-0.106603 
-0.105271 
-0.102304 
-0.099773 
-0.095414 
-0.091676 
-0.088237 
-0.084403 
-0.080785 
-0.075684 
-0.071476 
-0.067204 
-0.062999 
-0.058819 
-0.052902 
-0.047968 
-0.043192 
-0.038489 
-0.034027 
-0.028533 
-0.024244 
-0.020826 
-0.016794 
-0.013431 
-0.009588 
-0.006391 
-0.003130 
0.000023 
0.001833 
0.004117 
0.007014 
0.009686 
0.012215 
0.013962 
0.016287 
0.018595 
0.020656 
0.022230 
0.023559 
0.025647 
0.027022 
0.028505 
0.029326 
0.031168 
0.032858 
0.033435 
0.034230 
0.034106 
0.034987 
0.036200 
0.036948 
0.036511 
0.035357 
0.035606 
0.035722 
0.035888 
0.036142 
0.035114 
0.034306 
0.032998 
0.032291 
0.030944 
0.030804 
0.031268 
0.030790 
0.030677 
0.029926 
0.028792 
0.027956 
0.026987 
0.026127 
0.025459 
0.024975 
0.023610 
0.023085 
0.022170 
0.022441 
0.020806 
0.019914 
0.019037 
0.019040 
0.020226 
0.019953 
0.020041 
0.019646 
0.020474 
0.021650 
0.021702 
0.021804 
0.020535 
0.021276 
0.020843 
0.023464 
0.024294 
0.025512 
0.026089 
0.025886 
0.027900 
0.028728 
0.029590 
0.030177 
0.031358 
0.033262 
0.033747 
0.033878 
0.035157 
0.035631 
0.036963 
0.037706 
0.038588 
0.039278 
0.039490 
0.039715 
0.039897 
0.039860 
0.040217 
0.040365 
0.040290 
0.039968 
0.039445 
0.039694 
0.038924 
0.038389 
0.036980 
0.036053 
0.035551 
0.033976 
0.033376 
0.031775 
0.029789 
0.027056 
0.025809 
0.023920 
0.021535 
0.019253 
0.015805 
0.013881 
0.011018 
0.009027 
0.006988 
0.004087 
0.001590 
-0.001434 
-0.004675 
-0.007155 
-0.009611 
-0.011442 
-0.014122 
-0.016913 
-0.019834 
-0.022959 
-0.026041 
-0.030053 
-0.033150 
-0.036312 
-0.039190 
-0.042306 
-0.045024 
-0.048082 
-0.050770 
-0.055340 
-0.058638 
-0.061474 
-0.063677 
-0.064976 
-0.067773 
-0.070006 
-0.072575 
-0.074079 
-0.074891 
-0.076897 
-0.078156 
-0.079945 
-0.080413 
-0.080585 
-0.080122 
-0.079845 
-0.079925 
-0.079471 
-0.079822 
-0.077792 
-0.076451 
-0.074641 
-0.072586 
-0.071317 
-0.067848 
-0.065924 
-0.063436 
-0.060532 
-0.057229 
-0.052530 
-0.049618 
-0.046214 
-0.042009 
-0.038201 
-0.032995 
-0.029001 
-0.025077 
-0.021207 
-0.018759 
-0.015609 
-0.012316 
-0.008739 
-0.004304 
-0.001182 
0.002166 
0.005792 
0.008659 
0.012139 
0.015469 
0.018896 
0.022254 
0.026010 
0.028982 
0.032116 
0.034909 
0.037854 
0.041133 
0.043100 
0.046015 
0.048195 
0.050075 
0.052532 
0.053655 
0.056037 
0.056928 
0.057773 
0.058494 
0.059245 
0.061055 
0.061684 
0.062576 
0.062682 
0.062458 
0.063083 
0.061573 
0.060570 
0.059419 
0.058475 
0.057952 
0.056388 
0.054111 
0.051983 
0.048989 
0.046610 
0.044247 
0.042113 
0.040803 
0.037159 
0.034239 
0.031111 
0.028455 
0.027232 
0.024217 
0.022382 
0.019250 
0.016795 
0.014328 
0.010398 
0.007188 
0.003636 
0.001938 
0.000305 
-0.000684 
-0.002588 
-0.005491 
-0.007598 
-0.010023 
-0.010350 
-0.012249 
-0.014313 
-0.016545 
-0.017900 
-0.016902 
-0.018160 
-0.018618 
-0.019866 
-0.020896 
-0.020365 
-0.020909 
-0.020562 
-0.019650 
-0.019023 
-0.018231 
-0.018680 
-0.018785 
-0.017652 
-0.016638 
-0.014687 
-0.013104 
-0.011455 
-0.009031 
-0.007196 
-0.004751 
-0.003198 
-0.001835 
-0.000124 
0.001791 
0.005276 
0.007641 
0.009730 
0.011920 
0.015132 
0.016583 
0.019381 
0.021808 
0.023101 
0.025246 
0.027296 
0.028869 
0.029807 
0.030000 
0.031795 
0.032475 
0.032904 
0.033668 
0.033471 
0.034103 
0.032959 
0.032168 
0.031818 
0.030995 
0.030609 
0.028172 
0.026440 
0.025176 
0.023465 
0.022271 
0.020786 
0.018603 
0.016022 
0.013286 
0.010383 
0.007654 
0.005773 
0.004347 
0.001166 
-0.002666 
-0.006304 
-0.009368 
-0.012359 
-0.016153 
-0.020622 
-0.025266 
-0.028684 
-0.032109 
-0.036757 
-0.040558 
-0.046547 
-0.050380 
-0.054975 
-0.058636 
-0.063196 
-0.067630 
-0.072062 
-0.076358 
-0.078787 
-0.082631 
-0.085857 
-0.088583 
-0.092255 
-0.094551 
-0.097375 
-0.100007 
-0.102035 
-0.103712 
-0.104646 
-0.105750 
-0.105945 
-0.105314 
-0.104111 
-0.102148 
-0.100252 
-0.097125 
-0.093305 
-0.090670 
-0.086403 
-0.082164 
-0.077939 
-0.072782 
-0.067769 
-0.062293 
-0.057327 
-0.052004 
-0.046636 
-0.040318 
-0.033186 
-0.026714 
-0.020519 
-0.015035 
-0.009028 
-0.003334 
0.001080 
0.005526 
0.009746 
0.014892 
0.020859 
0.027378 
0.032795 
0.038129 
0.044192 
0.048770 
0.054552 
0.060113 
0.065703 
0.072037 
0.076473 
0.082098 
0.088152 
0.093561 
0.099452 
0.103902 
0.106820 
0.110501 
0.114696 
0.119494 
0.124380 
0.126734 
0.129163 
0.130491 
0.132452 
0.135005 
0.137705 
0.140234 
0.139863 
0.138663 
0.137207 
0.136666 
0.136265 
0.134058 
0.132356 
0.130110 
0.128205 
0.125443 
0.122583 
0.118450 
0.113034 
0.108890 
0.103244 
0.099108 
0.093661 
0.087495 
0.081492 
0.074183 
0.068744 
0.061043 
0.053645 
0.044758 
0.036003 
0.028397 
0.019607 
0.012920 
0.007300 
0.002924 
-0.001291 
-0.006554 
-0.012841 
-0.019695 
-0.027514 
-0.034108 
-0.040591 
-0.046689 
-0.052861 
-0.059351 
-0.065121 
-0.071190 
-0.077215 
-0.083775 
-0.090916 
-0.098089 
-0.104445 
-0.109560 
-0.113930 
-0.118320 
-0.123871 
-0.129365 
-0.135002 
-0.139411 
-0.141879 
-0.143130 
-0.144387 
-0.145770 
-0.147982 
-0.149511 
-0.150879 
-0.150520 
-0.150108 
-0.149241 
-0.146149 
-0.145135 
-0.143972 
-0.141022 
-0.138537 
-0.134364 
-0.130814 
-0.127193 
-0.122236 
-0.117526 
-0.111685 
-0.106205 
-0.100884 
-0.094942 
-0.088784 
-0.082574 
-0.076151 
-0.069726 
-0.062097 
-0.054718 
-0.046375 
-0.038644 
-0.030280 
-0.021474 
-0.014727 
-0.007717 
-0.003237 
0.002093 
0.007364 
0.011018 
0.016058 
0.019658 
0.025018 
0.030430 
0.035085 
0.039823 
0.044487 
0.048249 
0.052118 
0.056906 
0.061277 
0.064954 
0.068594 
0.071527 
0.076422 
0.079138 
0.081774 
0.085014 
0.088136 
0.091672 
0.093730 
0.095178 
0.096403 
0.097903 
0.099549 
0.100585 
0.101398 
0.102105 
0.102205 
0.102394 
0.102207 
0.101366 
0.100921 
0.099754 
0.098201 
0.096998 
0.095744 
0.093494 
0.091326 
0.089114 
0.086093 
0.083631 
0.080276 
0.077416 
0.075225 
0.072928 
0.071077 
0.067652 
0.064622 
0.061085 
0.057998 
0.055014 
0.051098 
0.048329 
0.043980 
0.040026 
0.036362 
0.032541 
0.030829 
0.026876 
0.023314 
0.019963 
0.017145 
0.015461 
0.012724 
0.010134 
0.007289 
0.004389 
0.002568 
0.000562 
-0.001525 
-0.002096 
-0.003129 
-0.004359 
-0.006624 
-0.008423 
-0.010173 
-0.013306 
-0.014804 
-0.015990 
-0.016155 
-0.016016 
-0.018034 
-0.020258 
-0.023004 
-0.023454 
-0.023181 
-0.023908 
-0.024770 
-0.026411 
-0.027819 
-0.029303 
-0.028528 
-0.028836 
-0.029806 
-0.031182 
-0.033602 
-0.033143 
-0.033392 
-0.034069 
-0.035016 
-0.036632 
-0.036347 
-0.037096 
-0.037861 
-0.038961 
-0.040561 
-0.040237 
-0.041056 
-0.042558 
-0.042821 
-0.043433 
-0.044535 
-0.045386 
-0.046419 
-0.046813 
-0.048230 
-0.049765 
-0.050936 
-0.052003 
-0.052033 
-0.053071 
-0.054215 
-0.055091 
-0.056529 
-0.058282 
-0.058886 
-0.058893 
-0.059918 
-0.059861 
-0.060515 
-0.060093 
-0.060308 
-0.060774 
-0.060846 
-0.061942 
-0.061550 
-0.061354 
-0.061126 
-0.061304 
-0.061075 
-0.059538 
-0.058875 
-0.058203 
-0.057128 
-0.056557 
-0.054694 
-0.053179 
-0.051803 
-0.050599 
-0.049045 
-0.045923 
-0.043251 
-0.041148 
-0.038820 
-0.037017 
-0.034385 
-0.031794 
-0.028826 
-0.025014 
-0.021757 
-0.018122 
-0.014409 
-0.010557 
-0.006168 
-0.003897 
-0.001213 
0.000795 
0.004273 
0.008482 
0.011492 
0.015644 
0.020014 
0.023650 
0.026994 
0.031001 
0.035024 
0.038777 
0.043088 
0.045570 
0.050659 
0.054875 
0.057998 
0.061509 
0.064372 
0.068987 
0.072514 
0.075352 
0.078265 
0.080975 
0.084455 
0.086937 
0.089309 
0.091458 
0.093088 
0.095678 
0.096358 
0.097464 
0.098615 
0.098848 
0.099502 
0.099311 
0.099474 
0.099409 
0.098743 
0.097693 
0.096483 
0.094406 
0.092022 
0.089221 
0.086533 
0.084029 
0.081036 
0.077910 
0.074666 
0.071020 
0.067500 
0.062925 
0.056905 
0.052473 
0.047423 
0.042505 
0.036993 
0.031385 
0.027401 
0.022780 
0.017883 
0.013299 
0.007853 
0.005150 
0.001062 
-0.002540 
-0.007024 
-0.012077 
-0.015738 
-0.021008 
-0.025860 
-0.030578 
-0.035346 
-0.039220 
-0.044062 
-0.048351 
-0.052536 
-0.056996 
-0.061515 
-0.065762 
-0.069652 
-0.073349 
-0.077366 
-0.080555 
-0.084018 
-0.086347 
-0.088457 
-0.091735 
-0.093191 
-0.094826 
-0.095641 
-0.097043 
-0.097803 
-0.097977 
-0.098019 
-0.097856 
-0.097840 
-0.096592 
-0.094938 
-0.093699 
-0.091825 
-0.090454 
-0.087362 
-0.084652 
-0.081830 
-0.078358 
-0.075231 
-0.070780 
-0.067247 
-0.063397 
-0.059326 
-0.054863 
-0.049215 
-0.044800 
-0.039316 
-0.033862 
-0.029045 
-0.023626 
-0.019813 
-0.016806 
-0.013113 
-0.009748 
-0.005770 
-0.001646 
0.001817 
0.005880 
0.009463 
0.013340 
0.017614 
0.021285 
0.025232 
0.027815 
0.031188 
0.034834 
0.037871 
0.040392 
0.043159 
0.045790 
0.047869 
0.050161 
0.051992 
0.054281 
0.055470 
0.055758 
0.057039 
0.056856 
0.058799 
0.058987 
0.058824 
0.058567 
0.057641 
0.057959 
0.056618 
0.054893 
0.053338 
0.052269 
0.051393 
0.049317 
0.046805 
0.043210 
0.040611 
0.037354 
0.033972 
0.030593 
0.027674 
0.024039 
0.021469 
0.018986 
0.016101 
0.013450 
0.009062 
0.005689 
0.002658 
-0.001180 
-0.004161 
-0.007187 
-0.010408 
-0.013611 
-0.016709 
-0.020331 
-0.023155 
-0.026093 
-0.029205 
-0.031484 
-0.034307 
-0.035813 
-0.037566 
-0.039360 
-0.041202 
-0.043882 
-0.043896 
-0.044701 
-0.045283 
-0.045269 
-0.046445 
-0.044307 
-0.044352 
-0.043128 
-0.042199 
-0.041303 
-0.039304 
-0.037776 
-0.036098 
-0.033103 
-0.030522 
-0.027459 
-0.024842 
-0.021744 
-0.019415 
-0.017101 
-0.014148 
-0.009824 
-0.005835 
-0.001192 
0.003082 
0.007159 
0.011548 
0.015480 
0.019601 
0.023761 
0.028465 
0.032403 
0.037002 
0.041204 
0.045909 
0.049668 
0.052203 
0.056806 
0.059519 
0.062973 
0.065999 
0.068437 
0.070903 
0.071684 
0.074115 
0.075063 
0.076071 
0.076583 
0.076593 
0.077843 
0.077645 
0.077325 
0.076064 
0.074985 
0.074997 
0.073151 
0.071368 
0.068976 
0.066615 
0.064507 
0.061666 
0.058113 
0.054927 
0.050643 
0.046494 
0.042279 
0.037954 
0.033423 
0.029375 
0.025356 
0.021063 
0.016258 
0.011456 
0.006784 
0.002071 
-0.003005 
-0.007653 
-0.013504 
-0.018475 
-0.023527 
-0.029698 
-0.035856 
-0.041656 
-0.046710 
-0.052599 
-0.058171 
-0.063939 
-0.070532 
-0.074956 
-0.080944 
-0.086152 
-0.090703 
-0.095584 
-0.099150 
-0.104221 
-0.108829 
-0.112779 
-0.115896 
-0.118324 
-0.120871 
-0.123511 
-0.126164 
-0.128334 
-0.129548 
-0.129893 
-0.130025 
-0.128907 
-0.127501 
-0.126070 
-0.123865 
-0.121822 
-0.119279 
-0.115681 
-0.112212 
-0.108801 
-0.104209 
-0.099273 
-0.094847 
-0.089382 
-0.084926 
-0.078875 
-0.072450 
-0.066015 
-0.059053 
-0.053250 
-0.044786 
-0.037475 
-0.028491 
-0.020942 
-0.013979 
-0.008782 
-0.004888 
0.000955 
0.005954 
0.011678 
0.017349 
0.023348 
0.029994 
0.035213 
0.040859 
0.045583 
0.050563 
0.056671 
0.061612 
0.067137 
0.071676 
0.077189 
0.081710 
0.086009 
0.090192 
0.093943 
0.097742 
0.102347 
0.106360 
0.110306 
0.113424 
0.115439 
0.117112 
0.119010 
0.119966 
0.121391 
0.122748 
0.123662 
0.123975 
0.123473 
0.122278 
0.122168 
0.121100 
0.119697 
0.117951 
0.115383 
0.113918 
0.111347 
0.108682 
0.105879 
0.101523 
0.099038 
0.095521 
0.091123 
0.086800 
0.082306 
0.078319 
0.073181 
0.067700 
0.061367 
0.055731 
0.049367 
0.042972 
0.036990 
0.031256 
0.026446 
0.021407 
0.016175 
0.012189 
0.008499 
0.004097 
0.000328 
-0.004003 
-0.008648 
-0.013048 
-0.017722 
-0.021965 
-0.026737 
-0.030293 
-0.033399 
-0.037946 
-0.042187 
-0.047353 
-0.050723 
-0.054978 
-0.058039 
-0.061611 
-0.065758 
-0.068773 
-0.072259 
-0.074123 
-0.076957 
-0.078906 
-0.081351 
-0.084568 
-0.085238 
-0.086806 
-0.088586 
-0.089715 
-0.090290 
-0.090115 
-0.090780 
-0.091256 
-0.091385 
-0.091766 
-0.091101 
-0.090816 
-0.089672 
-0.088200 
-0.086419 
-0.084633 
-0.083212 
-0.081962 
-0.080406 
-0.078479 
-0.076530 
-0.074262 
-0.071945 
-0.069709 
-0.067860 
-0.065420 
-0.062848 
-0.060194 
-0.058446 
-0.056421 
-0.053763 
-0.051171 
-0.048113 
-0.045921 
-0.042801 
-0.040874 
-0.038787 
-0.036356 
-0.035242 
-0.031911 
-0.029799 
-0.027376 
-0.024766 
-0.023072 
-0.019822 
-0.018145 
-0.016197 
-0.014551 
-0.012906 
-0.011321 
-0.009982 
-0.007806 
-0.005697 
-0.003707 
-0.001447 
-0.000794 
0.000279 
0.001779 
0.002226 
0.003839 
0.005288 
0.006959 
0.008618 
0.009377 
0.010397 
0.011028 
0.012313 
0.014233 
0.014469 
0.015737 
0.015994 
0.018510 
0.021779 
0.022240 
0.023860 
0.024271 
0.026322 
0.027870 
0.030450 
0.032462 
0.034348 
0.036544 
0.037623 
0.040835 
0.042909 
0.045074 
0.046784 
0.048634 
0.052141 
0.053881 
0.056452 
0.058626 
0.060664 
0.063542 
0.065314 
0.067063 
0.069450 
0.071134 
0.073492 
0.075012 
0.076523 
0.078110 
0.078470 
0.079996 
0.080767 
0.082973 
0.083669 
0.084269 
0.084729 
0.084830 
0.085126 
0.084459 
0.084088 
0.083990 
0.083813 
0.083771 
0.083178 
0.082390 
0.081459 
0.080113 
0.077983 
0.075235 
0.074223 
0.072464 
0.070346 
0.067326 
0.064018 
0.062539 
0.058886 
0.054919 
0.050415 
0.045865 
0.041142 
0.036422 
0.031751 
0.027828 
0.023721 
0.020498 
0.015520 
0.011072 
0.006393 
0.002212 
-0.002521 
-0.006921 
-0.011799 
-0.016129 
-0.020756 
-0.026190 
-0.031930 
-0.037222 
-0.042124 
-0.048419 
-0.053513 
-0.059065 
-0.063953 
-0.068254 
-0.074332 
-0.079424 
-0.085705 
-0.090786 
-0.095435 
-0.099759 
-0.103943 
-0.108709 
-0.111743 
-0.116216 
-0.119225 
-0.122300 
-0.124635 
-0.126379 
-0.128635 
-0.128775 
-0.130611 
-0.131740 
-0.132218 
-0.132205 
-0.130405 
-0.130208 
-0.128956 
-0.126374 
-0.124361 
-0.120127 
-0.117179 
-0.113654 
-0.109821 
-0.106532 
-0.101971 
-0.097417 
-0.092968 
-0.086872 
-0.081404 
-0.075142 
-0.069305 
-0.063216 
-0.056344 
-0.049573 
-0.041952 
-0.034590 
-0.026377 
-0.019774 
-0.013831 
-0.008522 
-0.003735 
0.001492 
0.005954 
0.012263 
0.018061 
0.024200 
0.029689 
0.034046 
0.040270 
0.045463 
0.051016 
0.056667 
0.061825 
0.066685 
0.071114 
0.075417 
0.081161 
0.086870 
0.092597 
0.096300 
0.099526 
0.102615 
0.106206 
0.110822 
0.114302 
0.116672 
0.118592 
0.118901 
0.119839 
0.121339 
0.122308 
0.123290 
0.122232 
0.121739 
0.120883 
0.120600 
0.120101 
0.117349 
0.115173 
0.111743 
0.109425 
0.106706 
0.103111 
0.098819 
0.093651 
0.090480 
0.086835 
0.083142 
0.078521 
0.071442 
0.065728 
0.059465 
0.054038 
0.047566 
0.041060 
0.034663 
0.028265 
0.023935 
0.018185 
0.013837 
0.009553 
0.004954 
0.001702 
-0.003429 
-0.008464 
-0.013810 
-0.019298 
-0.023112 
-0.028702 
-0.033329 
-0.037281 
-0.041828 
-0.045889 
-0.050397 
-0.054763 
-0.059230 
-0.064012 
-0.067756 
-0.071216 
-0.074135 
-0.076608 
-0.079589 
-0.081529 
-0.083760 
-0.084889 
-0.087116 
-0.087650 
-0.088860 
-0.089329 
-0.089674 
-0.090512 
-0.089112 
-0.088218 
-0.087035 
-0.085401 
-0.083925 
-0.082517 
-0.080688 
-0.078082 
-0.074559 
-0.071558 
-0.066913 
-0.063405 
-0.059392 
-0.054997 
-0.051025 
-0.045668 
-0.041578 
-0.036824 
-0.032231 
-0.028000 
-0.023352 
-0.020803 
-0.017935 
-0.014404 
-0.010725 
-0.006853 
-0.002913 
0.001082 
0.005394 
0.007982 
0.011306 
0.014361 
0.017530 
0.021632 
0.023845 
0.026513 
0.028401 
0.031544 
0.034386 
0.036398 
0.038650 
0.039383 
0.041168 
0.042320 
0.043785 
0.044522 
0.044353 
0.045311 
0.044578 
0.045248 
0.044539 
0.044050 
0.043376 
0.042011 
0.042306 
0.040609 
0.038693 
0.036312 
0.033731 
0.032402 
0.028975 
0.025375 
0.022844 
0.019733 
0.017851 
0.015774 
0.012257 
0.008935 
0.005149 
0.001398 
-0.002092 
-0.005224 
-0.008412 
-0.012810 
-0.016184 
-0.019744 
-0.022542 
-0.026053 
-0.029870 
-0.032976 
-0.036338 
-0.039178 
-0.042337 
-0.045569 
-0.047866 
-0.050254 
-0.052356 
-0.054522 
-0.056520 
-0.057669 
-0.058471 
-0.058892 
-0.058727 
-0.057049 
-0.055732 
-0.054392 
-0.051910 
-0.050835 
-0.047664 
-0.045950 
-0.044316 
-0.042103 
-0.039731 
-0.035902 
-0.032106 
-0.028245 
-0.024832 
-0.021708 
-0.017630 
-0.014093 
-0.010414 
-0.007338 
-0.004765 
-0.000928 
0.002745 
0.006932 
0.012109 
0.015249 
0.019146 
0.022770 
0.027588 
0.033322 
0.036751 
0.040591 
0.043667 
0.048016 
0.053412 
0.057604 
0.061238 
0.063956 
0.067789 
0.070308 
0.074541 
0.077922 
0.080533 
0.083596 
0.085021 
0.088231 
0.090632 
0.091970 
0.093333 
0.093510 
0.095420 
0.095422 
0.095597 
0.095302 
0.095159 
0.094821 
0.093217 
0.091465 
0.089547 
0.087420 
0.085708 
0.083079 
0.080052 
0.077653 
0.074605 
0.071254 
0.066736 
0.062084 
0.057468 
0.052322 
0.047304 
0.042781 
0.037284 
0.032314 
0.026961 
0.021936 
0.017699 
0.013343 
0.008580 
0.004834 
-0.000022 
-0.004887 
-0.010070 
-0.015596 
-0.019996 
-0.024772 
-0.029547 
-0.034593 
-0.039994 
-0.043977 
-0.048902 
-0.053587 
-0.058330 
-0.063318 
-0.066601 
-0.070891 
-0.075382 
-0.079347 
-0.083169 
-0.085997 
-0.088850 
-0.091938 
-0.094429 
-0.096644 
-0.098666 
-0.100239 
-0.101635 
-0.102658 
-0.103729 
-0.104303 
-0.104361 
-0.103820 
-0.102671 
-0.102413 
-0.100554 
-0.100772 
-0.098381 
-0.095927 
-0.094509 
-0.091066 
-0.089099 
-0.085770 
-0.082234 
-0.078727 
-0.074653 
-0.071476 
-0.067179 
-0.063522 
-0.058464 
-0.053059 
-0.048373 
-0.043488 
-0.039138 
-0.032779 
-0.027969 
-0.023258 
-0.018782 
-0.015102 
-0.010837 
-0.008437 
-0.005568 
-0.001989 
0.001782 
0.005887 
0.008905 
0.011866 
0.015602 
0.018754 
0.021546 
0.024708 
0.027318 
0.030630 
0.033036 
0.036152 
0.038464 
0.040838 
0.043547 
0.045477 
0.047773 
0.049751 
0.051404 
0.052904 
0.054432 
0.055724 
0.057007 
0.057957 
0.058821 
0.060379 
0.061811 
0.062998 
0.063683 
0.063563 
0.064039 
0.063755 
0.063485 
0.064059 
0.062920 
0.064126 
0.063190 
0.062467 
0.061159 
0.060812 
0.061093 
0.059936 
0.058332 
0.057550 
0.057106 
0.056448 
0.054785 
0.053547 
0.052768 
0.051430 
0.050122 
0.048756 
0.047498 
0.046916 
0.045715 
0.045217 
0.043659 
0.042290 
0.041892 
0.040328 
0.039679 
0.038382 
0.037631 
0.037356 
0.035658 
0.034838 
0.033479 
0.033671 
0.033017 
0.032446 
0.031801 
0.030901 
0.030928 
0.030013 
0.030210 
0.029175 
0.027477 
0.026433 
0.024999 
0.025301 
0.024521 
0.023372 
0.022820 
0.022009 
0.021624 
0.018613 
0.017416 
0.015054 
0.013259 
0.012545 
0.010742 
0.008763 
0.006872 
0.004823 
0.003313 
0.001412 
-0.000541 
-0.002477 
-0.005181 
-0.007358 
-0.009323 
-0.011477 
-0.013231 
-0.015724 
-0.018824 
-0.021839 
-0.024762 
-0.028052 
-0.030600 
-0.032965 
-0.034947 
-0.037977 
-0.042083 
-0.045036 
-0.049137 
-0.053227 
-0.056349 
-0.059898 
-0.062596 
-0.066242 
-0.069735 
-0.073516 
-0.077779 
-0.079905 
-0.083110 
-0.086009 
-0.088941 
-0.091283 
-0.093000 
-0.095266 
-0.098103 
-0.100034 
-0.101819 
-0.102969 
-0.104522 
-0.105380 
-0.105829 
-0.106731 
-0.106780 
-0.106876 
-0.106141 
-0.105333 
-0.104740 
-0.102562 
-0.101067 
-0.098042 
-0.093815 
-0.091641 
-0.088412 
-0.085263 
-0.080687 
-0.076319 
-0.071018 
-0.065980 
-0.060740 
-0.055458 
-0.051109 
-0.044628 
-0.038007 
-0.031424 
-0.025132 
-0.020026 
-0.013034 
-0.007840 
-0.003193 
0.001305 
0.005546 
0.011390 
0.016624 
0.021930 
0.027407 
0.033294 
0.039759 
0.044939 
0.050110 
0.055549 
0.060743 
0.066836 
0.072484 
0.077702 
0.082916 
0.087572 
0.092567 
0.097549 
0.102471 
0.107979 
0.112905 
0.116072 
0.119148 
0.122776 
0.125851 
0.129258 
0.132703 
0.135595 
0.138100 
0.139081 
0.140104 
0.140836 
0.141129 
0.141390 
0.141315 
0.141721 
0.140682 
0.138886 
0.136346 
0.133294 
0.131637 
0.128472 
0.125053 
0.120947 
0.116143 
0.112307 
0.106672 
0.101254 
0.094992 
0.088922 
0.083414 
0.076537 
0.069592 
0.062373 
0.054485 
0.046094 
0.037729 
0.029871 
0.022556 
0.016403 
0.011666 
0.006716 
0.001344 
-0.003713 
-0.010842 
-0.018223 
-0.026095 
-0.032917 
-0.039522 
-0.045572 
-0.051344 
-0.057695 
-0.064389 
-0.071366 
-0.077513 
-0.084113 
-0.089951 
-0.096761 
-0.104049 
-0.109191 
-0.114578 
-0.119442 
-0.124172 
-0.128747 
-0.132471 
-0.136772 
-0.140927 
-0.143985 
-0.146282 
-0.146860 
-0.148863 
-0.149975 
-0.150586 
-0.150517 
-0.148503 
-0.147186 
-0.146128 
-0.144110 
-0.142635 
-0.140024 
-0.137041 
-0.133218 
-0.129842 
-0.125354 
-0.121346 
-0.116209 
-0.110285 
-0.104910 
-0.098764 
-0.091951 
-0.084962 
-0.078378 
-0.070914 
-0.062941 
-0.054057 
-0.045604 
-0.037431 
-0.029182 
-0.021096 
-0.013735 
-0.008367 
-0.003161 
0.000781 
0.006371 
0.011645 
0.016805 
0.022485 
0.026927 
0.032773 
0.037685 
0.042292 
0.046925 
0.051193 
0.056890 
0.061073 
0.064873 
0.068920 
0.072868 
0.077440 
0.080996 
0.084199 
0.087028 
0.089800 
0.092458 
0.094680 
0.095870 
0.098398 
0.099262 
0.101369 
0.102319 
0.102362 
0.103159 
0.102180 
0.102314 
0.101729 
0.100643 
0.098941 
0.097284 
0.095131 
0.093245 
0.091251 
0.087587 
0.085497 
0.082351 
0.079669 
0.076561 
0.071199 
0.067584 
0.063607 
0.059834 
0.055658 
0.050644 
0.047099 
0.041766 
0.037131 
0.032584 
0.027618 
0.025325 
0.022003 
0.019278 
0.016102 
0.011664 
0.007857 
0.003869 
0.000380 
-0.003323 
-0.006524 
-0.009063 
-0.012896 
-0.016370 
-0.019578 
-0.022081 
-0.024658 
-0.026294 
-0.028372 
-0.030713 
-0.033294 
-0.034922 
-0.036699 
-0.038143 
-0.040419 
-0.040714 
-0.041313 
-0.042687 
-0.043645 
-0.043441 
-0.043111 
-0.042611 
-0.043286 
-0.042802 
-0.043305 
-0.041729 
-0.039847 
-0.037140 
-0.035232 
-0.034793 
-0.032497 
-0.031680 
-0.030179 
-0.027930 
-0.025174 
-0.021520 
-0.019559 
-0.017391 
-0.015164 
-0.012711 
-0.010006 
-0.008917 
-0.007997 
-0.005730 
-0.003586 
-0.000658 
0.002203 
0.003984 
0.006317 
0.007046 
0.009541 
0.012330 
0.013221 
0.014255 
0.014984 
0.016413 
0.018402 
0.019902 
0.020721 
0.020179 
0.020043 
0.020054 
0.020153 
0.019938 
0.020247 
0.020009 
0.019693 
0.018598 
0.016577 
0.015784 
0.014319 
0.012423 
0.011220 
0.009536 
0.009494 
0.007237 
0.004525 
0.001160 
-0.002092 
-0.003857 
-0.006363 
-0.009050 
-0.011688 
-0.014669 
-0.017468 
-0.020862 
-0.024676 
-0.027732 
-0.030646 
-0.033188 
-0.034982 
-0.037134 
-0.039154 
-0.041336 
-0.043189 
-0.044348 
-0.045649 
-0.047114 
-0.048118 
-0.048819 
-0.050058 
-0.050049 
-0.050090 
-0.050403 
-0.050511 
-0.051951 
-0.051399 
-0.050960 
-0.049762 
-0.048902 
-0.048228 
-0.046674 
-0.046444 
-0.044194 
-0.042807 
-0.040957 
-0.038621 
-0.036055 
-0.032694 
-0.029926 
-0.027780 
-0.025389 
-0.022167 
-0.018357 
-0.015456 
-0.013361 
-0.011488 
-0.008874 
-0.005131 
-0.001381 
0.001966 
0.004988 
0.007324 
0.010707 
0.013851 
0.017495 
0.021366 
0.024421 
0.028048 
0.030787 
0.034247 
0.037166 
0.040258 
0.043569 
0.046568 
0.049918 
0.052485 
0.055745 
0.058121 
0.060267 
0.062463 
0.063691 
0.066700 
0.069016 
0.071024 
0.072238 
0.072387 
0.074800 
0.075119 
0.076098 
0.076265 
0.075990 
0.076989 
0.076659 
0.076140 
0.075390 
0.074198 
0.073535 
0.072131 
0.069915 
0.067775 
0.066301 
0.064758 
0.063112 
0.060955 
0.057939 
0.054844 
0.051869 
0.048794 
0.045896 
0.042613 
0.038882 
0.034921 
0.031325 
0.027341 
0.025228 
0.022104 
0.019408 
0.016201 
0.012865 
0.009808 
0.006177 
0.003514 
0.000101 
-0.001918 
-0.005595 
-0.007874 
-0.010149 
-0.012853 
-0.016381 
-0.019620 
-0.020902 
-0.023517 
-0.025586 
-0.028235 
-0.030421 
-0.031813 
-0.033941 
-0.035782 
-0.038049 
-0.039459 
-0.040053 
-0.041615 
-0.042852 
-0.043943 
-0.045079 
-0.045428 
-0.045758 
-0.046494 
-0.046115 
-0.046186 
-0.046205 
-0.046556 
-0.046543 
-0.046279 
-0.045740 
-0.044494 
-0.043400 
-0.042880 
-0.042294 
-0.042008 
-0.040887 
-0.039879 
-0.038992 
-0.037311 
-0.035556 
-0.034109 
-0.032434 
-0.031136 
-0.031073 
-0.029433 
-0.028630 
-0.027533 
-0.026518 
-0.026485 
-0.024550 
-0.023790 
-0.023074 
-0.022250 
-0.021907 
-0.021031 
-0.021265 
-0.021513 
-0.021087 
-0.020886 
-0.019632 
-0.019874 
-0.019412 
-0.019739 
-0.020799 
-0.021233 
-0.021846 
-0.022261 
-0.021834 
-0.022347 
-0.023125 
-0.024033 
-0.025356 
-0.025340 
-0.025656 
-0.026947 
-0.028609 
-0.029459 
-0.029075 
-0.029984 
-0.030522 
-0.032447 
-0.032209 
-0.032184 
-0.032115 
-0.032728 
-0.033894 
-0.033167 
-0.033703 
-0.033117 
-0.033459 
-0.032864 
-0.031719 
-0.031645 
-0.029330 
-0.028862 
-0.028205 
-0.027618 
-0.025803 
-0.022759 
-0.020823 
-0.018638 
-0.016476 
-0.014362 
-0.011277 
-0.009768 
-0.007364 
-0.003536 
-0.000942 
0.002398 
0.005961 
0.008714 
0.011469 
0.013684 
0.015836 
0.018507 
0.022237 
0.026309 
0.029824 
0.033766 
0.037497 
0.040598 
0.044032 
0.047190 
0.051322 
0.055333 
0.060264 
0.063863 
0.068076 
0.071687 
0.075499 
0.078487 
0.080676 
0.084915 
0.088090 
0.090888 
0.093579 
0.096168 
0.099251 
0.100914 
0.102585 
0.104233 
0.105364 
0.106482 
0.106627 
0.106690 
0.105583 
0.103746 
0.102130 
0.099951 
0.096738 
0.094424 
0.091072 
0.088449 
0.085098 
0.081838 
0.078589 
0.073446 
0.069428 
0.064899 
0.060820 
0.056640 
0.050306 
0.044708 
0.038321 
0.032824 
0.027776 
0.021570 
0.016273 
0.009646 
0.004405 
-0.000737 
-0.004890 
-0.009015 
-0.014529 
-0.019775 
-0.026091 
-0.030973 
-0.036781 
-0.042731 
-0.048947 
-0.055728 
-0.060816 
-0.067136 
-0.073831 
-0.080561 
-0.087074 
-0.091987 
-0.098087 
-0.103398 
-0.108805 
-0.114529 
-0.119656 
-0.125171 
-0.129958 
-0.133854 
-0.138185 
-0.141648 
-0.145177 
-0.147998 
-0.150238 
-0.152424 
-0.153891 
-0.155025 
-0.155787 
-0.155254 
-0.155361 
-0.154135 
-0.152814 
-0.150461 
-0.147637 
-0.144552 
-0.140792 
-0.136582 
-0.132798 
-0.128686 
-0.122399 
-0.116671 
-0.110790 
-0.103515 
-0.096835 
-0.089182 
-0.081522 
-0.073544 
-0.064650 
