5000
0.000000
0.000084
0.000338
0.000760
0.001352
0.002112
0.003040
0.004138
0.005404
0.006838
0.008441
0.010212
0.012150
0.014256
0.016530
0.018971
0.021579
0.024354
0.027294
0.030401
0.033674
0.037112
0.040716
0.044483
0.048415
0.052511
0.056771
0.061193
0.065778
0.070525
0.075433
0.080502
0.085732
0.091121
0.096670
0.102378
0.108243
0.114266
0.120447
0.126783
0.133275
0.139921
0.146722
0.153676
0.160783
0.168042
0.175452
0.183013
0.190723
0.198582
0.206589
0.214743
0.223043
0.231489
0.240079
0.248813
0.257689
0.266707
0.275866
0.285165
0.294602
0.304178
0.313890
0.323738
0.333721
0.343838
0.354087
0.364468
0.374979
0.385620
0.396389
0.407286
0.418308
0.429455
0.440726
0.452120
0.463634
0.475269
0.487023
0.498895
0.510883
0.522986
0.535203
0.547533
0.559974
0.572525
0.585185
0.597952
0.610826
0.623804
0.636886
0.650070
0.663355
0.676738
0.690220
0.703799
0.717472
0.731239
0.745099
0.759049
0.773089
0.787217
0.801431
0.815730
0.830113
0.844578
0.859124
0.873748
0.888451
0.903229
0.918082
0.933008
0.948005
0.963072
0.978208
0.993411
1.008679
1.024011
1.039404
1.054859
1.070373
1.085944
1.101570
1.117252
1.132985
1.148770
1.164605
1.180487
1.196416
1.212389
1.228405
1.244463
1.260560
1.276696
1.292868
1.309075
1.325316
1.341588
1.357890
1.374220
1.390578
1.406960
1.423366
1.439794
1.456241
1.472708
1.489191
1.505690
1.522202
1.538726
1.555261
1.571804
1.588354
1.604910
1.621470
1.638032
1.654594
1.671156
1.687714
1.704269
1.720817
1.737358
1.753890
1.770411
1.786919
1.803414
1.819893
1.836355
1.852798
1.869220
1.885621
1.901998
1.918350
1.934676
1.950973
1.967241
1.983477
1.999680
2.015849
2.031982
2.048077
2.064133
2.080149
2.096123
2.112053
2.127939
2.143777
2.159568
2.175310
2.191000
2.206638
2.222222
2.237751
2.253224
2.268638
2.283992
2.299286
2.314517
2.329685
2.344788
2.359824
2.374792
2.389691
2.404520
2.419277
2.433961
2.448570
2.463104
2.477560
2.491939
2.506237
2.520456
2.534591
2.548644
2.562612
2.576495
2.590291
2.603998
2.617617
2.631145
2.644581
2.657925
2.671175
2.684331
2.697390
2.710352
2.723217
2.735982
2.748647
2.761210
2.773672
2.786030
2.798284
2.810433
2.822475
2.834411
2.846239
2.857957
2.869566
2.881064
2.892451
2.903725
2.914886
2.925933
2.936865
2.947681
2.958381
2.968963
2.979428
2.989774
3.000000
3.010106
3.020092
3.029955
3.039697
3.049316
3.058812
3.068183
3.077430
3.086551
3.095547
3.104417
3.113159
3.121775
3.130262
3.138621
3.146852
3.154953
3.162924
3.170765
3.178476
3.186056
3.193505
3.200822
3.208007
3.215060
3.221981
3.228768
3.235423
3.241944
3.248332
3.254585
3.260705
3.266691
3.272542
3.278259
3.283842
3.289289
3.294602
3.299780
3.304822
3.309730
3.314503
3.319140
3.323643
3.328011
3.332243
3.336340
3.340303
3.344131
3.347824
3.351382
3.354806
3.358095
3.361251
3.364272
3.367160
3.369914
3.372534
3.375022
3.377376
3.379598
3.381688
3.383646
3.385472
3.387167
3.388731
3.390164
3.391467
3.392640
3.393684
3.394599
3.395385
3.396043
3.396574
3.396978
3.397255
3.397406
3.397432
3.397332
3.397108
3.396761
3.396290
3.395696
3.394981
3.394144
3.393187
3.392109
3.390912
3.389597
3.388163
3.386613
3.384945
3.383162
3.381264
3.379252
3.377126
3.374888
3.372538
3.370077
3.367505
3.364825
3.362035
3.359139
3.356135
3.353026
3.349811
3.346493
3.343072
3.339548
3.335924
3.332199
3.328375
3.324452
3.320433
3.316317
3.312106
3.307800
3.303401
3.298911
3.294329
3.289657
3.284896
3.280047
3.275112
3.270091
3.264985
3.259796
3.254524
3.249171
3.243739
3.238227
3.232637
3.226971
3.221230
3.215414
3.209525
3.203565
3.197533
3.191433
3.185264
3.179028
3.172726
3.166359
3.159930
3.153438
3.146885
3.140273
3.133603
3.126875
3.120092
3.113254
3.106363
3.099419
3.092426
3.085382
3.078291
3.071153
3.063969
3.056742
3.049471
3.042159
3.034806
3.027415
3.019985
3.012520
3.005019
2.997485
2.989918
2.982321
2.974693
2.967037
2.959354
2.951646
2.943912
2.936156
2.928378
2.920580
2.912762
2.904927
2.897075
2.889208
2.881327
2.873434
2.865529
2.857615
2.849692
2.841761
2.833825
2.825885
2.817940
2.809994
2.802048
2.794102
2.786157
2.778216
2.770280
2.762349
2.754425
2.746510
2.738604
2.730709
2.722826
2.714957
2.707102
2.699263
2.691442
2.683638
2.675855
2.668092
2.660351
2.652634
2.644941
2.637274
2.629633
2.622021
2.614438
2.606886
2.599365
2.591877
2.584422
2.577003
2.569621
2.562275
2.554968
2.547701
2.540474
2.533289
2.526147
2.519049
2.511996
2.504990
2.498030
2.491118
2.484256
2.477444
2.470684
2.463976
2.457321
2.450720
2.444174
2.437685
2.431253
2.424879
2.418564
2.412309
2.406115
2.399983
2.393914
2.387908
2.381966
2.376090
2.370280
2.364536
2.358861
2.353254
2.347717
2.342249
2.336853
2.331528
2.326276
2.321097
2.315992
2.310961
2.306006
2.301126
2.296324
2.291598
2.286951
2.282382
2.277892
2.273483
2.269153
2.264905
2.260738
2.256653
2.252650
2.248731
2.244895
2.241144
2.237477
2.233895
2.230399
2.226989
2.223665
2.220427
2.217277
2.214215
2.211240
2.208354
2.205557
2.202848
2.200228
2.197698
2.195258
2.192908
2.190648
2.188479
2.186400
2.184413
2.182517
2.180711
2.178998
2.177376
2.175846
2.174408
2.173061
2.171807
2.170645
2.169575
2.168597
2.167712
2.166918
2.166217
2.165608
2.165092
2.164667
2.164335
2.164095
2.163946
2.163890
2.163925
2.164051
2.164269
2.164578
2.164979
2.165470
2.166051
2.166723
2.167486
2.168338
2.169280
2.170311
2.171431
2.172640
2.173937
2.175323
2.176796
2.178356
2.180004
2.181738
2.183558
2.185464
2.187455
2.189531
2.191691
2.193936
2.196263
2.198674
2.201167
2.203742
2.206398
2.209135
2.211952
2.214848
2.217824
2.220878
2.224010
2.227219
2.230504
2.233865
2.237301
2.240812
2.244396
2.248054
2.251784
2.255585
2.259457
2.263400
2.267412
2.271492
2.275640
2.279855
2.284136
2.288482
2.292893
2.297368
2.301905
2.306504
2.311165
2.315885
2.320665
2.325503
2.330399
2.335351
2.340359
2.345421
2.350537
2.355706
2.360927
2.366198
2.371519
2.376889
2.382307
2.387772
2.393282
2.398837
2.404436
2.410078
2.415761
2.421484
2.427248
2.433049
2.438888
2.444764
2.450674
2.456618
2.462596
2.468605
2.474645
2.480715
2.486813
2.492939
2.499090
2.505267
2.511468
2.517691
2.523936
2.530202
2.536487
2.542790
2.549110
2.555446
2.561796
2.568159
2.574535
2.580922
2.587319
2.593724
2.600137
2.606556
2.612980
2.619408
2.625839
2.632271
2.638703
2.645134
2.651563
2.657989
2.664409
2.670824
2.677232
2.683632
2.690022
2.696401
2.702768
2.709123
2.715462
2.721787
2.728094
2.734384
2.740654
2.746903
2.753132
2.759337
2.765518
2.771674
2.777804
2.783906
2.789979
2.796022
2.802033
2.808013
2.813959
2.819870
2.825745
2.831583
2.837383
2.843143
2.848863
2.854541
2.860176
2.865767
2.871313
2.876813
2.882265
2.887669
2.893023
2.898327
2.903578
2.908777
2.913921
2.919010
2.924044
2.929019
2.933937
2.938795
2.943593
2.948329
2.953003
2.957613
2.962158
2.966638
2.971052
2.975398
2.979675
2.983883
2.988020
2.992086
2.996080
3.000000
3.003846
3.007617
3.011311
3.014929
3.018469
3.021930
3.025311
3.028612
3.031832
3.034970
3.038024
3.040995
3.043881
3.046682
3.049396
3.052024
3.054563
3.057015
3.059377
3.061649
3.063831
3.065921
3.067919
3.069825
3.071637
3.073355
3.074979
3.076507
3.077940
3.079276
3.080515
3.081656
3.082699
3.083643
3.084488
3.085234
3.085879
3.086423
3.086866
3.087207
3.087446
3.087583
3.087616
3.087546
3.087372
3.087094
3.086711
3.086224
3.085631
3.084933
3.084128
3.083218
3.082201
3.081078
3.079847
3.078509
3.077064
3.075511
3.073851
3.072082
3.070206
3.068221
3.066128
3.063926
3.061616
3.059197
3.056669
3.054032
3.051287
3.048433
3.045470
3.042398
3.039217
3.035928
3.032530
3.029023
3.025408
3.021685
3.017853
3.013913
3.009865
3.005709
3.001445
2.997074
2.992596
2.988011
2.983319
2.978520
2.973615
2.968605
2.963489
2.958267
2.952941
2.947509
2.941974
2.936335
2.930592
2.924747
2.918799
2.912748
2.906596
2.900343
2.893989
2.887535
2.880981
2.874328
2.867577
2.860727
2.853780
2.846737
2.839597
2.832361
2.825030
2.817605
2.810087
2.802475
2.794772
2.786976
2.779090
2.771114
2.763049
2.754895
2.746653
2.738324
2.729909
2.721409
2.712824
2.704156
2.695405
2.686572
2.677657
2.668663
2.659590
2.650438
2.641209
2.631904
2.622523
2.613068
2.603539
2.593938
2.584265
2.574523
2.564710
2.554830
2.544882
2.534868
2.524789
2.514646
2.504440
2.494172
2.483844
2.473456
2.463010
2.452507
2.441948
2.431333
2.420666
2.409945
2.399174
2.388352
2.377482
2.366564
2.355600
2.344591
2.333538
2.322443
2.311307
2.300130
2.288915
2.277663
2.266374
2.255051
2.243695
2.232306
2.220887
2.209439
2.197962
2.186459
2.174931
2.163379
2.151805
2.140209
2.128594
2.116961
2.105310
2.093645
2.081965
2.070273
2.058569
2.046856
2.035135
2.023407
2.011673
1.999935
1.988195
1.976454
1.964714
1.952975
1.941239
1.929509
1.917785
1.906068
1.894361
1.882665
1.870980
1.859310
1.847655
1.836016
1.824396
1.812795
1.801216
1.789659
1.778126
1.766619
1.755140
1.743688
1.732267
1.720878
1.709522
1.698200
1.686914
1.675666
1.664458
1.653289
1.642163
1.631080
1.620043
1.609051
1.598108
1.587215
1.576372
1.565581
1.554845
1.544164
1.533539
1.522973
1.512467
1.502021
1.491638
1.481320
1.471066
1.460880
1.450762
1.440713
1.430736
1.420831
1.411001
1.401245
1.391567
1.381966
1.372445
1.363005
1.353647
1.344372
1.335183
1.326080
1.317064
1.308137
1.299301
1.290556
1.281904
1.273346
1.264884
1.256518
1.248251
1.240082
1.232015
1.224049
1.216185
1.208427
1.200773
1.193226
1.185787
1.178457
1.171237
1.164129
1.157133
1.150250
1.143482
1.136831
1.130296
1.123879
1.117581
1.111404
1.105348
1.099414
1.093603
1.087917
1.082356
1.076922
1.071615
1.066436
1.061387
1.056468
1.051680
1.047024
1.042502
1.038113
1.033859
1.029740
1.025758
1.021914
1.018207
1.014640
1.011212
1.007925
1.004779
1.001775
0.998914
0.996196
0.993623
0.991195
0.988912
0.986775
0.984785
0.982943
0.981249
0.979703
0.978307
0.977061
0.975965
0.975020
0.974226
0.973585
0.973096
0.972759
0.972577
0.972547
0.972673
0.972952
0.973387
0.973977
0.974723
0.975625
0.976683
0.977898
0.979270
0.980799
0.982486
0.984330
0.986333
0.988493
0.990812
0.993289
0.995925
0.998719
1.001673
1.004785
1.008056
1.011487
1.015077
1.018825
1.022733
1.026800
1.031027
1.035412
1.039956
1.044660
1.049522
1.054543
1.059722
1.065060
1.070556
1.076210
1.082023
1.087992
1.094120
1.100404
1.106845
1.113443
1.120197
1.127108
1.134173
1.141394
1.148770
1.156301
1.163985
1.171824
1.179815
1.187959
1.196256
1.204704
1.213303
1.222053
1.230954
1.240004
1.249203
1.258550
1.268045
1.277687
1.287476
1.297411
1.307491
1.317715
1.328083
1.338595
1.349248
1.360043
1.370979
1.382054
1.393269
1.404622
1.416113
1.427740
1.439503
1.451401
1.463433
1.475597
1.487894
1.500322
1.512881
1.525568
1.538384
1.551326
1.564395
1.577589
1.590908
1.604349
1.617912
1.631596
1.645400
1.659322
1.673362
1.687519
1.701790
1.716176
1.730674
1.745284
1.760004
1.774834
1.789771
1.804816
1.819965
1.835219
1.850576
1.866034
1.881593
1.897251
1.913006
1.928857
1.944804
1.960844
1.976976
1.993199
2.009512
2.025912
2.042399
2.058971
2.075627
2.092366
2.109185
2.126083
2.143060
2.160113
2.177240
2.194441
2.211714
2.229058
2.246470
2.263950
2.281496
2.299105
2.316778
2.334511
2.352305
2.370156
2.388063
2.406026
2.424042
2.442109
2.460226
2.478392
2.496605
2.514862
2.533164
2.551507
2.569890
2.588312
2.606772
2.625266
2.643794
2.662354
2.680945
2.699564
2.718210
2.736881
2.755576
2.774294
2.793031
2.811787
2.830560
2.849348
2.868150
2.886964
2.905788
2.924620
2.943459
2.962303
2.981151
3.000000
3.018849
3.037697
3.056541
3.075380
3.094212
3.113036
3.131850
3.150652
3.169440
3.188213
3.206969
3.225706
3.244424
3.263119
3.281790
3.300436
3.319055
3.337646
3.356206
3.374734
3.393228
3.411688
3.430110
3.448493
3.466836
3.485138
3.503395
3.521608
3.539774
3.557891
3.575958
3.593974
3.611937
3.629844
3.647695
3.665489
3.683222
3.700895
3.718504
3.736050
3.753530
3.770942
3.788286
3.805559
3.822760
3.839887
3.856940
3.873917
3.890815
3.907634
3.924373
3.941029
3.957601
3.974088
3.990488
4.006801
4.023024
4.039156
4.055196
4.071143
4.086994
4.102749
4.118407
4.133966
4.149424
4.164781
4.180035
4.195184
4.210229
4.225166
4.239996
4.254716
4.269326
4.283824
4.298210
4.312481
4.326638
4.340678
4.354600
4.368404
4.382088
4.395651
4.409092
4.422411
4.435605
4.448674
4.461616
4.474432
4.487119
4.499678
4.512106
4.524403
4.536567
4.548599
4.560497
4.572260
4.583887
4.595378
4.606731
4.617946
4.629021
4.639957
4.650752
4.661405
4.671917
4.682285
4.692509
4.702589
4.712524
4.722313
4.731955
4.741450
4.750797
4.759996
4.769046
4.777947
4.786697
4.795296
4.803744
4.812041
4.820185
4.828176
4.836015
4.843699
4.851230
4.858606
4.865827
4.872892
4.879803
4.886557
4.893155
4.899596
4.905880
4.912008
4.917977
4.923790
4.929444
4.934940
4.940278
4.945457
4.950478
4.955340
4.960044
4.964588
4.968973
4.973200
4.977267
4.981175
4.984923
4.988513
4.991944
4.995215
4.998327
5.001281
5.004075
5.006711
5.009188
5.011507
5.013667
5.015670
5.017514
5.019201
5.020730
5.022102
5.023317
5.024375
5.025277
5.026023
5.026613
5.027048
5.027327
5.027453
5.027423
5.027241
5.026904
5.026415
5.025774
5.024980
5.024035
5.022939
5.021693
5.020297
5.018751
5.017057
5.015215
5.013225
5.011088
5.008805
5.006377
5.003804
5.001086
4.998225
4.995221
4.992075
4.988788
4.985360
4.981793
4.978086
4.974242
4.970260
4.966141
4.961887
4.957498
4.952976
4.948320
4.943532
4.938613
4.933564
4.928385
4.923078
4.917644
4.912083
4.906397
4.900586
4.894652
4.888596
4.882419
4.876121
4.869704
4.863169
4.856518
4.849750
4.842867
4.835871
4.828763
4.821543
4.814213
4.806774
4.799227
4.791573
4.783815
4.775951
4.767985
4.759918
4.751749
4.743482
4.735116
4.726654
4.718096
4.709444
4.700699
4.691863
4.682936
4.673920
4.664817
4.655628
4.646353
4.636995
4.627555
4.618034
4.608433
4.598755
4.588999
4.579169
4.569264
4.559287
4.549238
4.539120
4.528934
4.518680
4.508362
4.497979
4.487533
4.477027
4.466461
4.455836
4.445155
4.434419
4.423628
4.412785
4.401892
4.390949
4.379957
4.368920
4.357837
4.346711
4.335542
4.324334
4.313086
4.301800
4.290478
4.279122
4.267733
4.256312
4.244860
4.233381
4.221874
4.210341
4.198784
4.187205
4.175604
4.163984
4.152345
4.140690
4.129020
4.117335
4.105639
4.093932
4.082215
4.070491
4.058761
4.047025
4.035286
4.023546
4.011805
4.000065
3.988327
3.976593
3.964865
3.953144
3.941431
3.929727
3.918035
3.906355
3.894690
3.883039
3.871406
3.859791
3.848195
3.836621
3.825069
3.813541
3.802038
3.790561
3.779113
3.767694
3.756305
3.744949
3.733626
3.722337
3.711085
3.699870
3.688693
3.677557
3.666462
3.655409
3.644400
3.633436
3.622518
3.611648
3.600826
3.590055
3.579334
3.568667
3.558052
3.547493
3.536990
3.526544
3.516156
3.505828
3.495560
3.485354
3.475211
3.465132
3.455118
3.445170
3.435290
3.425477
3.415735
3.406062
3.396461
3.386932
3.377477
3.368096
3.358791
3.349562
3.340410
3.331337
3.322343
3.313428
3.304595
3.295844
3.287176
3.278591
3.270091
3.261676
3.253347
3.245105
3.236951
3.228886
3.220910
3.213024
3.205228
3.197525
3.189913
3.182395
3.174970
3.167639
3.160403
3.153263
3.146220
3.139273
3.132423
3.125672
3.119019
3.112465
3.106011
3.099657
3.093404
3.087252
3.081201
3.075253
3.069408
3.063665
3.058026
3.052491
3.047059
3.041733
3.036511
3.031395
3.026385
3.021480
3.016681
3.011989
3.007404
3.002926
2.998555
2.994291
2.990135
2.986087
2.982147
2.978315
2.974592
2.970977
2.967470
2.964072
2.960783
2.957602
2.954530
2.951567
2.948713
2.945968
2.943331
2.940803
2.938384
2.936074
2.933872
2.931779
2.929794
2.927918
2.926149
2.924489
2.922936
2.921491
2.920153
2.918922
2.917799
2.916782
2.915872
2.915067
2.914369
2.913776
2.913289
2.912906
2.912628
2.912454
2.912384
2.912417
2.912554
2.912793
2.913134
2.913577
2.914121
2.914766
2.915512
2.916357
2.917301
2.918344
2.919485
2.920724
2.922060
2.923493
2.925021
2.926645
2.928363
2.930175
2.932081
2.934079
2.936169
2.938351
2.940623
2.942985
2.945437
2.947976
2.950604
2.953318
2.956119
2.959005
2.961976
2.965030
2.968168
2.971388
2.974689
2.978070
2.981531
2.985071
2.988689
2.992383
2.996154
3.000000
3.003920
3.007914
3.011980
3.016117
3.020325
3.024602
3.028948
3.033362
3.037842
3.042387
3.046997
3.051671
3.056407
3.061205
3.066063
3.070981
3.075956
3.080990
3.086079
3.091223
3.096422
3.101673
3.106977
3.112331
3.117735
3.123187
3.128687
3.134233
3.139824
3.145459
3.151137
3.156857
3.162617
3.168417
3.174255
3.180130
3.186041
3.191987
3.197967
3.203978
3.210021
3.216094
3.222196
3.228326
3.234482
3.240663
3.246868
3.253097
3.259346
3.265616
3.271906
3.278213
3.284538
3.290877
3.297232
3.303599
3.309978
3.316368
3.322768
3.329176
3.335591
3.342011
3.348437
3.354866
3.361297
3.367729
3.374161
3.380592
3.387020
3.393444
3.399863
3.406276
3.412681
3.419078
3.425465
3.431841
3.438204
3.444554
3.450890
3.457210
3.463513
3.469798
3.476064
3.482309
3.488532
3.494733
3.500910
3.507061
3.513187
3.519285
3.525355
3.531395
3.537404
3.543382
3.549326
3.555236
3.561112
3.566951
3.572752
3.578516
3.584239
3.589922
3.595564
3.601163
3.606718
3.612228
3.617693
3.623111
3.628481
3.633802
3.639073
3.644294
3.649463
3.654579
3.659641
3.664649
3.669601
3.674497
3.679335
3.684115
3.688835
3.693496
3.698095
3.702632
3.707107
3.711518
3.715864
3.720145
3.724360
3.728508
3.732588
3.736600
3.740543
3.744415
3.748216
3.751946
3.755604
3.759188
3.762699
3.766135
3.769496
3.772781
3.775990
3.779122
3.782176
3.785152
3.788048
3.790865
3.793602
3.796258
3.798833
3.801326
3.803737
3.806064
3.808309
3.810469
3.812545
3.814536
3.816442
3.818262
3.819996
3.821644
3.823204
3.824677
3.826063
3.827360
3.828569
3.829689
3.830720
3.831662
3.832514
3.833277
3.833949
3.834530
3.835021
3.835422
3.835731
3.835949
3.836075
3.836110
3.836054
3.835905
3.835665
3.835333
3.834908
3.834392
3.833783
3.833082
3.832288
3.831403
3.830425
3.829355
3.828193
3.826939
3.825592
3.824154
3.822624
3.821002
3.819289
3.817483
3.815587
3.813600
3.811521
3.809352
3.807092
3.804742
3.802302
3.799772
3.797152
3.794443
3.791646
3.788760
3.785785
3.782723
3.779573
3.776335
3.773011
3.769601
3.766105
3.762523
3.758856
3.755105
3.751269
3.747350
3.743347
3.739262
3.735095
3.730847
3.726517
3.722108
3.717618
3.713049
3.708402
3.703676
3.698874
3.693994
3.689039
3.684008
3.678903
3.673724
3.668472
3.663147
3.657751
3.652283
3.646746
3.641139
3.635464
3.629720
3.623910
3.618034
3.612092
3.606086
3.600017
3.593885
3.587691
3.581436
3.575121
3.568747
3.562315
3.555826
3.549280
3.542679
3.536024
3.529316
3.522556
3.515744
3.508882
3.501970
3.495010
3.488004
3.480951
3.473853
3.466711
3.459526
3.452299
3.445032
3.437725
3.430379
3.422997
3.415578
3.408123
3.400635
3.393114
3.385562
3.377979
3.370367
3.362726
3.355059
3.347366
3.339649
3.331908
3.324145
3.316362
3.308558
3.300737
3.292898
3.285043
3.277174
3.269291
3.261396
3.253490
3.245575
3.237651
3.229720
3.221784
3.213843
3.205898
3.197952
3.190006
3.182060
3.174115
3.166175
3.158239
3.150308
3.142385
3.134471
3.126566
3.118673
3.110792
3.102925
3.095073
3.087238
3.079420
3.071622
3.063844
3.056088
3.048354
3.040646
3.032963
3.025307
3.017679
3.010082
3.002515
2.994981
2.987480
2.980015
2.972585
2.965194
2.957841
2.950529
2.943258
2.936031
2.928847
2.921709
2.914618
2.907574
2.900581
2.893637
2.886746
2.879908
2.873125
2.866397
2.859727
2.853115
2.846562
2.840070
2.833641
2.827274
2.820972
2.814736
2.808567
2.802467
2.796435
2.790475
2.784586
2.778770
2.773029
2.767363
2.761773
2.756261
2.750829
2.745476
2.740204
2.735015
2.729909
2.724888
2.719953
2.715104
2.710343
2.705671
2.701089
2.696599
2.692200
2.687894
2.683683
2.679567
2.675548
2.671625
2.667801
2.664076
2.660452
2.656928
2.653507
2.650189
2.646974
2.643865
2.640861
2.637965
2.635175
2.632495
2.629923
2.627462
2.625112
2.622874
2.620748
2.618736
2.616838
2.615055
2.613387
2.611837
2.610403
2.609088
2.607891
2.606813
2.605856
2.605019
2.604304
2.603710
2.603239
2.602892
2.602668
2.602568
2.602594
2.602745
2.603022
2.603426
2.603957
2.604615
2.605401
2.606316
2.607360
2.608533
2.609836
2.611269
2.612833
2.614528
2.616354
2.618312
2.620402
2.622624
2.624978
2.627466
2.630086
2.632840
2.635728
2.638749
2.641905
2.645194
2.648618
2.652176
2.655869
2.659697
2.663660
2.667757
2.671989
2.676357
2.680860
2.685497
2.690270
2.695178
2.700220
2.705398
2.710711
2.716158
2.721741
2.727458
2.733309
2.739295
2.745415
2.751668
2.758056
2.764577
2.771232
2.778019
2.784940
2.791993
2.799178
2.806495
2.813944
2.821524
2.829235
2.837076
2.845047
2.853148
2.861379
2.869738
2.878225
2.886841
2.895583
2.904453
2.913449
2.922570
2.931817
2.941188
2.950684
2.960303
2.970045
2.979908
2.989894
3.000000
3.010226
3.020572
3.031037
3.041619
3.052319
3.063135
3.074067
3.085114
3.096275
3.107549
3.118936
3.130434
3.142043
3.153761
3.165589
3.177525
3.189567
3.201716
3.213970
3.226328
3.238790
3.251353
3.264018
3.276783
3.289648
3.302610
3.315669
3.328825
3.342075
3.355419
3.368855
3.382383
3.396002
3.409709
3.423505
3.437388
3.451356
3.465409
3.479544
3.493763
3.508061
3.522440
3.536896
3.551430
3.566039
3.580723
3.595480
3.610309
3.625208
3.640176
3.655212
3.670315
3.685483
3.700714
3.716008
3.731362
3.746776
3.762249
3.777778
3.793362
3.809000
3.824690
3.840432
3.856223
3.872061
3.887947
3.903877
3.919851
3.935867
3.951923
3.968018
3.984151
4.000320
4.016523
4.032759
4.049027
4.065324
4.081650
4.098002
4.114379
4.130780
4.147202
4.163645
4.180107
4.196586
4.213081
4.229589
4.246110
4.262642
4.279183
4.295731
4.312286
4.328844
4.345406
4.361968
4.378530
4.395090
4.411646
4.428196
4.444739
4.461274
4.477798
4.494310
4.510809
4.527292
4.543759
4.560206
4.576634
4.593040
4.609422
4.625780
4.642110
4.658412
4.674684
4.690925
4.707132
4.723304
4.739440
4.755537
4.771595
4.787611
4.803584
4.819513
4.835395
4.851230
4.867015
4.882748
4.898430
4.914056
4.929627
4.945141
4.960596
4.975989
4.991321
5.006589
5.021792
5.036928
5.051995
5.066992
5.081918
5.096771
5.111549
5.126252
5.140876
5.155422
5.169887
5.184270
5.198569
5.212783
5.226911
5.240951
5.254901
5.268761
5.282528
5.296201
5.309780
5.323262
5.336645
5.349930
5.363114
5.376196
5.389174
5.402048
5.414815
5.427475
5.440026
5.452467
5.464797
5.477014
5.489117
5.501105
5.512977
5.524731
5.536366
5.547880
5.559274
5.570545
5.581692
5.592714
5.603611
5.614380
5.625021
5.635532
5.645913
5.656162
5.666279
5.676262
5.686110
5.695822
5.705398
5.714835
5.724134
5.733293
5.742311
5.751187
5.759921
5.768511
5.776957
5.785257
5.793411
5.801418
5.809277
5.816987
5.824548
5.831958
5.839217
5.846324
5.853278
5.860079
5.866725
5.873217
5.879553
5.885734
5.891757
5.897622
5.903330
5.908879
5.914268
5.919498
5.924567
5.929475
5.934222
5.938807
5.943229
5.947489
5.951585
5.955517
5.959284
5.962888
5.966326
5.969599
5.972706
5.975646
5.978421
5.981029
5.983470
5.985744
5.987850
5.989788
5.991559
5.993162
5.994596
5.995862
5.996960
5.997888
5.998648
5.999240
5.999662
5.999916
6.000000
5.999916
5.999662
5.999240
5.998648
5.997888
5.996960
5.995862
5.994596
5.993162
5.991559
5.989788
5.987850
5.985744
5.983470
5.981029
5.978421
5.975646
5.972706
5.969599
5.966326
5.962888
5.959284
5.955517
5.951585
5.947489
5.943229
5.938807
5.934222
5.929475
5.924567
5.919498
5.914268
5.908879
5.903330
5.897622
5.891757
5.885734
5.879553
5.873217
5.866725
5.860079
5.853278
5.846324
5.839217
5.831958
5.824548
5.816987
5.809277
5.801418
5.793411
5.785257
5.776957
5.768511
5.759921
5.751187
5.742311
5.733293
5.724134
5.714835
5.705398
5.695822
5.686110
5.676262
5.666279
5.656162
5.645913
5.635532
5.625021
5.614380
5.603611
5.592714
5.581692
5.570545
5.559274
5.547880
5.536366
5.524731
5.512977
5.501105
5.489117
5.477014
5.464797
5.452467
5.440026
5.427475
5.414815
5.402048
5.389174
5.376196
5.363114
5.349930
5.336645
5.323262
5.309780
5.296201
5.282528
5.268761
5.254901
5.240951
5.226911
5.212783
5.198569
5.184270
5.169887
5.155422
5.140876
5.126252
5.111549
5.096771
5.081918
5.066992
5.051995
5.036928
5.021792
5.006589
4.991321
4.975989
4.960596
4.945141
4.929627
4.914056
4.898430
4.882748
4.867015
4.851230
4.835395
4.819513
4.803584
4.787611
4.771595
4.755537
4.739440
4.723304
4.707132
4.690925
4.674684
4.658412
4.642110
4.625780
4.609422
4.593040
4.576634
4.560206
4.543759
4.527292
4.510809
4.494310
4.477798
4.461274
4.444739
4.428196
4.411646
4.395090
4.378530
4.361968
4.345406
4.328844
4.312286
4.295731
4.279183
4.262642
4.246110
4.229589
4.213081
4.196586
4.180107
4.163645
4.147202
4.130780
4.114379
4.098002
4.081650
4.065324
4.049027
4.032759
4.016523
4.000320
3.984151
3.968018
3.951923
3.935867
3.919851
3.903877
3.887947
3.872061
3.856223
3.840432
3.824690
3.809000
3.793362
3.777778
3.762249
3.746776
3.731362
3.716008
3.700714
3.685483
3.670315
3.655212
3.640176
3.625208
3.610309
3.595480
3.580723
3.566039
3.551430
3.536896
3.522440
3.508061
3.493763
3.479544
3.465409
3.451356
3.437388
3.423505
3.409709
3.396002
3.382383
3.368855
3.355419
3.342075
3.328825
3.315669
3.302610
3.289648
3.276783
3.264018
3.251353
3.238790
3.226328
3.213970
3.201716
3.189567
3.177525
3.165589
3.153761
3.142043
3.130434
3.118936
3.107549
3.096275
3.085114
3.074067
3.063135
3.052319
3.041619
3.031037
3.020572
3.010226
3.000000
2.989894
2.979908
2.970045
2.960303
2.950684
2.941188
2.931817
2.922570
2.913449
2.904453
2.895583
2.886841
2.878225
2.869738
2.861379
2.853148
2.845047
2.837076
2.829235
2.821524
2.813944
2.806495
2.799178
2.791993
2.784940
2.778019
2.771232
2.764577
2.758056
2.751668
2.745415
2.739295
2.733309
2.727458
2.721741
2.716158
2.710711
2.705398
2.700220
2.695178
2.690270
2.685497
2.680860
2.676357
2.671989
2.667757
2.663660
2.659697
2.655869
2.652176
2.648618
2.645194
2.641905
2.638749
2.635728
2.632840
2.630086
2.627466
2.624978
2.622624
2.620402
2.618312
2.616354
2.614528
2.612833
2.611269
2.609836
2.608533
2.607360
2.606316
2.605401
2.604615
2.603957
2.603426
2.603022
2.602745
2.602594
2.602568
2.602668
2.602892
2.603239
2.603710
2.604304
2.605019
2.605856
2.606813
2.607891
2.609088
2.610403
2.611837
2.613387
2.615055
2.616838
2.618736
2.620748
2.622874
2.625112
2.627462
2.629923
2.632495
2.635175
2.637965
2.640861
2.643865
2.646974
2.650189
2.653507
2.656928
2.660452
2.664076
2.667801
2.671625
2.675548
2.679567
2.683683
2.687894
2.692200
2.696599
2.701089
2.705671
2.710343
2.715104
2.719953
2.724888
2.729909
2.735015
2.740204
2.745476
2.750829
2.756261
2.761773
2.767363
2.773029
2.778770
2.784586
2.790475
2.796435
2.802467
2.808567
2.814736
2.820972
2.827274
2.833641
2.840070
2.846562
2.853115
2.859727
2.866397
2.873125
2.879908
2.886746
2.893637
2.900581
2.907574
2.914618
2.921709
2.928847
2.936031
2.943258
2.950529
2.957841
2.965194
2.972585
2.980015
2.987480
2.994981
3.002515
3.010082
3.017679
3.025307
3.032963
3.040646
3.048354
3.056088
3.063844
3.071622
3.079420
3.087238
3.095073
3.102925
3.110792
3.118673
3.126566
3.134471
3.142385
3.150308
3.158239
3.166175
3.174115
3.182060
3.190006
3.197952
3.205898
3.213843
3.221784
3.229720
3.237651
3.245575
3.253490
3.261396
3.269291
3.277174
3.285043
3.292898
3.300737
3.308558
3.316362
3.324145
3.331908
3.339649
3.347366
3.355059
3.362726
3.370367
3.377979
3.385562
3.393114
3.400635
3.408123
3.415578
3.422997
3.430379
3.437725
3.445032
3.452299
3.459526
3.466711
3.473853
3.480951
3.488004
3.495010
3.501970
3.508882
3.515744
3.522556
3.529316
3.536024
3.542679
3.549280
3.555826
3.562315
3.568747
3.575121
3.581436
3.587691
3.593885
3.600017
3.606086
3.612092
3.618034
3.623910
3.629720
3.635464
3.641139
3.646746
3.652283
3.657751
3.663147
3.668472
3.673724
3.678903
3.684008
3.689039
3.693994
3.698874
3.703676
3.708402
3.713049
3.717618
3.722108
3.726517
3.730847
3.735095
3.739262
3.743347
3.747350
3.751269
3.755105
3.758856
3.762523
3.766105
3.769601
3.773011
3.776335
3.779573
3.782723
3.785785
3.788760
3.791646
3.794443
3.797152
3.799772
3.802302
3.804742
3.807092
3.809352
3.811521
3.813600
3.815587
3.817483
3.819289
3.821002
3.822624
3.824154
3.825592
3.826939
3.828193
3.829355
3.830425
3.831403
3.832288
3.833082
3.833783
3.834392
3.834908
3.835333
3.835665
3.835905
3.836054
3.836110
3.836075
3.835949
3.835731
3.835422
3.835021
3.834530
3.833949
3.833277
3.832514
3.831662
3.830720
3.829689
3.828569
3.827360
3.826063
3.824677
3.823204
3.821644
3.819996
3.818262
3.816442
3.814536
3.812545
3.810469
3.808309
3.806064
3.803737
3.801326
3.798833
3.796258
3.793602
3.790865
3.788048
3.785152
3.782176
3.779122
3.775990
3.772781
3.769496
3.766135
3.762699
3.759188
3.755604
3.751946
3.748216
3.744415
3.740543
3.736600
3.732588
3.728508
3.724360
3.720145
3.715864
3.711518
3.707107
3.702632
3.698095
3.693496
3.688835
3.684115
3.679335
3.674497
3.669601
3.664649
3.659641
3.654579
3.649463
3.644294
3.639073
3.633802
3.628481
3.623111
3.617693
3.612228
3.606718
3.601163
3.595564
3.589922
3.584239
3.578516
3.572752
3.566951
3.561112
3.555236
3.549326
3.543382
3.537404
3.531395
3.525355
3.519285
3.513187
3.507061
3.500910
3.494733
3.488532
3.482309
3.476064
3.469798
3.463513
3.457210
3.450890
3.444554
3.438204
3.431841
3.425465
3.419078
3.412681
3.406276
3.399863
3.393444
3.387020
3.380592
3.374161
3.367729
3.361297
3.354866
3.348437
3.342011
3.335591
3.329176
3.322768
3.316368
3.309978
3.303599
3.297232
3.290877
3.284538
3.278213
3.271906
3.265616
3.259346
3.253097
3.246868
3.240663
3.234482
3.228326
3.222196
3.216094
3.210021
3.203978
3.197967
3.191987
3.186041
3.180130
3.174255
3.168417
3.162617
3.156857
3.151137
3.145459
3.139824
3.134233
3.128687
3.123187
3.117735
3.112331
3.106977
3.101673
3.096422
3.091223
3.086079
3.080990
3.075956
3.070981
3.066063
3.061205
3.056407
3.051671
3.046997
3.042387
3.037842
3.033362
3.028948
3.024602
3.020325
3.016117
3.011980
3.007914
3.003920
3.000000
2.996154
2.992383
2.988689
2.985071
2.981531
2.978070
2.974689
2.971388
2.968168
2.965030
2.961976
2.959005
2.956119
2.953318
2.950604
2.947976
2.945437
2.942985
2.940623
2.938351
2.936169
2.934079
2.932081
2.930175
2.928363
2.926645
2.925021
2.923493
2.922060
2.920724
2.919485
2.918344
2.917301
2.916357
2.915512
2.914766
2.914121
2.913577
2.913134
2.912793
2.912554
2.912417
2.912384
2.912454
2.912628
2.912906
2.913289
2.913776
2.914369
2.915067
2.915872
2.916782
2.917799
2.918922
2.920153
2.921491
2.922936
2.924489
2.926149
2.927918
2.929794
2.931779
2.933872
2.936074
2.938384
2.940803
2.943331
2.945968
2.948713
2.951567
2.954530
2.957602
2.960783
2.964072
2.967470
2.970977
2.974592
2.978315
2.982147
2.986087
2.990135
2.994291
2.998555
3.002926
3.007404
3.011989
3.016681
3.021480
3.026385
3.031395
3.036511
3.041733
3.047059
3.052491
3.058026
3.063665
3.069408
3.075253
3.081201
3.087252
3.093404
3.099657
3.106011
3.112465
3.119019
3.125672
3.132423
3.139273
3.146220
3.153263
3.160403
3.167639
3.174970
3.182395
3.189913
3.197525
3.205228
3.213024
3.220910
3.228886
3.236951
3.245105
3.253347
3.261676
3.270091
3.278591
3.287176
3.295844
3.304595
3.313428
3.322343
3.331337
3.340410
3.349562
3.358791
3.368096
3.377477
3.386932
3.396461
3.406062
3.415735
3.425477
3.435290
3.445170
3.455118
3.465132
3.475211
3.485354
3.495560
3.505828
3.516156
3.526544
3.536990
3.547493
3.558052
3.568667
3.579334
3.590055
3.600826
3.611648
3.622518
3.633436
3.644400
3.655409
3.666462
3.677557
3.688693
3.699870
3.711085
3.722337
3.733626
3.744949
3.756305
3.767694
3.779113
3.790561
3.802038
3.813541
3.825069
3.836621
3.848195
3.859791
3.871406
3.883039
3.894690
3.906355
3.918035
3.929727
3.941431
3.953144
3.964865
3.976593
3.988327
4.000065
4.011805
4.023546
4.035286
4.047025
4.058761
4.070491
4.082215
4.093932
4.105639
4.117335
4.129020
4.140690
4.152345
4.163984
4.175604
4.187205
4.198784
4.210341
4.221874
4.233381
4.244860
4.256312
4.267733
4.279122
4.290478
4.301800
4.313086
4.324334
4.335542
4.346711
4.357837
4.368920
4.379957
4.390949
4.401892
4.412785
4.423628
4.434419
4.445155
4.455836
4.466461
4.477027
4.487533
4.497979
4.508362
4.518680
4.528934
4.539120
4.549238
4.559287
4.569264
4.579169
4.588999
4.598755
4.608433
4.618034
4.627555
4.636995
4.646353
4.655628
4.664817
4.673920
4.682936
4.691863
4.700699
4.709444
4.718096
4.726654
4.735116
4.743482
4.751749
4.759918
4.767985
4.775951
4.783815
4.791573
4.799227
4.806774
4.814213
4.821543
4.828763
4.835871
4.842867
4.849750
4.856518
4.863169
4.869704
4.876121
4.882419
4.888596
4.894652
4.900586
4.906397
4.912083
4.917644
4.923078
4.928385
4.933564
4.938613
4.943532
4.948320
4.952976
4.957498
4.961887
4.966141
4.970260
4.974242
4.978086
4.981793
4.985360
4.988788
4.992075
4.995221
4.998225
5.001086
5.003804
5.006377
5.008805
5.011088
5.013225
5.015215
5.017057
5.018751
5.020297
5.021693
5.022939
5.024035
5.024980
5.025774
5.026415
5.026904
5.027241
5.027423
5.027453
5.027327
5.027048
5.026613
5.026023
5.025277
5.024375
5.023317
5.022102
5.020730
5.019201
5.017514
5.015670
5.013667
5.011507
5.009188
5.006711
5.004075
5.001281
4.998327
4.995215
4.991944
4.988513
4.984923
4.981175
4.977267
4.973200
4.968973
4.964588
4.960044
4.955340
4.950478
4.945457
4.940278
4.934940
4.929444
4.923790
4.917977
4.912008
4.905880
4.899596
4.893155
4.886557
4.879803
4.872892
4.865827
4.858606
4.851230
4.843699
4.836015
4.828176
4.820185
4.812041
4.803744
4.795296
4.786697
4.777947
4.769046
4.759996
4.750797
4.741450
4.731955
4.722313
4.712524
4.702589
4.692509
4.682285
4.671917
4.661405
4.650752
4.639957
4.629021
4.617946
4.606731
4.595378
4.583887
4.572260
4.560497
4.548599
4.536567
4.524403
4.512106
4.499678
4.487119
4.474432
4.461616
4.448674
4.435605
4.422411
4.409092
4.395651
4.382088
4.368404
4.354600
4.340678
4.326638
4.312481
4.298210
4.283824
4.269326
4.254716
4.239996
4.225166
4.210229
4.195184
4.180035
4.164781
4.149424
4.133966
4.118407
4.102749
4.086994
4.071143
4.055196
4.039156
4.023024
4.006801
3.990488
3.974088
3.957601
3.941029
3.924373
3.907634
3.890815
3.873917
3.856940
3.839887
3.822760
3.805559
3.788286
3.770942
3.753530
3.736050
3.718504
3.700895
3.683222
3.665489
3.647695
3.629844
3.611937
3.593974
3.575958
3.557891
3.539774
3.521608
3.503395
3.485138
3.466836
3.448493
3.430110
3.411688
3.393228
3.374734
3.356206
3.337646
3.319055
3.300436
3.281790
3.263119
3.244424
3.225706
3.206969
3.188213
3.169440
3.150652
3.131850
3.113036
3.094212
3.075380
3.056541
3.037697
3.018849
3.000000
2.981151
2.962303
2.943459
2.924620
2.905788
2.886964
2.868150
2.849348
2.830560
2.811787
2.793031
2.774294
2.755576
2.736881
2.718210
2.699564
2.680945
2.662354
2.643794
2.625266
2.606772
2.588312
2.569890
2.551507
2.533164
2.514862
2.496605
2.478392
2.460226
2.442109
2.424042
2.406026
2.388063
2.370156
2.352305
2.334511
2.316778
2.299105
2.281496
2.263950
2.246470
2.229058
2.211714
2.194441
2.177240
2.160113
2.143060
2.126083
2.109185
2.092366
2.075627
2.058971
2.042399
2.025912
2.009512
1.993199
1.976976
1.960844
1.944804
1.928857
1.913006
1.897251
1.881593
1.866034
1.850576
1.835219
1.819965
1.804816
1.789771
1.774834
1.760004
1.745284
1.730674
1.716176
1.701790
1.687519
1.673362
1.659322
1.645400
1.631596
1.617912
1.604349
1.590908
1.577589
1.564395
1.551326
1.538384
1.525568
1.512881
1.500322
1.487894
1.475597
1.463433
1.451401
1.439503
1.427740
1.416113
1.404622
1.393269
1.382054
1.370979
1.360043
1.349248
1.338595
1.328083
1.317715
1.307491
1.297411
1.287476
1.277687
1.268045
1.258550
1.249203
1.240004
1.230954
1.222053
1.213303
1.204704
1.196256
1.187959
1.179815
1.171824
1.163985
1.156301
1.148770
1.141394
1.134173
1.127108
1.120197
1.113443
1.106845
1.100404
1.094120
1.087992
1.082023
1.076210
1.070556
1.065060
1.059722
1.054543
1.049522
1.044660
1.039956
1.035412
1.031027
1.026800
1.022733
1.018825
1.015077
1.011487
1.008056
1.004785
1.001673
0.998719
0.995925
0.993289
0.990812
0.988493
0.986333
0.984330
0.982486
0.980799
0.979270
0.977898
0.976683
0.975625
0.974723
0.973977
0.973387
0.972952
0.972673
0.972547
0.972577
0.972759
0.973096
0.973585
0.974226
0.975020
0.975965
0.977061
0.978307
0.979703
0.981249
0.982943
0.984785
0.986775
0.988912
0.991195
0.993623
0.996196
0.998914
1.001775
1.004779
1.007925
1.011212
1.014640
1.018207
1.021914
1.025758
1.029740
1.033859
1.038113
1.042502
1.047024
1.051680
1.056468
1.061387
1.066436
1.071615
1.076922
1.082356
1.087917
1.093603
1.099414
1.105348
1.111404
1.117581
1.123879
1.130296
1.136831
1.143482
1.150250
1.157133
1.164129
1.171237
1.178457
1.185787
1.193226
1.200773
1.208427
1.216185
1.224049
1.232015
1.240082
1.248251
1.256518
1.264884
1.273346
1.281904
1.290556
1.299301
1.308137
1.317064
1.326080
1.335183
1.344372
1.353647
1.363005
1.372445
1.381966
1.391567
1.401245
1.411001
1.420831
1.430736
1.440713
1.450762
1.460880
1.471066
1.481320
1.491638
1.502021
1.512467
1.522973
1.533539
1.544164
1.554845
1.565581
1.576372
1.587215
1.598108
1.609051
1.620043
1.631080
1.642163
1.653289
1.664458
1.675666
1.686914
1.698200
1.709522
1.720878
1.732267
1.743688
1.755140
1.766619
1.778126
1.789659
1.801216
1.812795
1.824396
1.836016
1.847655
1.859310
1.870980
1.882665
1.894361
1.906068
1.917785
1.929509
1.941239
1.952975
1.964714
1.976454
1.988195
1.999935
2.011673
2.023407
2.035135
2.046856
2.058569
2.070273
2.081965
2.093645
2.105310
2.116961
2.128594
2.140209
2.151805
2.163379
2.174931
2.186459
2.197962
2.209439
2.220887
2.232306
2.243695
2.255051
2.266374
2.277663
2.288915
2.300130
2.311307
2.322443
2.333538
2.344591
2.355600
2.366564
2.377482
2.388352
2.399174
2.409945
2.420666
2.431333
2.441948
2.452507
2.463010
2.473456
2.483844
2.494172
2.504440
2.514646
2.524789
2.534868
2.544882
2.554830
2.564710
2.574523
2.584265
2.593938
2.603539
2.613068
2.622523
2.631904
2.641209
2.650438
2.659590
2.668663
2.677657
2.686572
2.695405
2.704156
2.712824
2.721409
2.729909
2.738324
2.746653
2.754895
2.763049
2.771114
2.779090
2.786976
2.794772
2.802475
2.810087
2.817605
2.825030
2.832361
2.839597
2.846737
2.853780
2.860727
2.867577
2.874328
2.880981
2.887535
2.893989
2.900343
2.906596
2.912748
2.918799
2.924747
2.930592
2.936335
2.941974
2.947509
2.952941
2.958267
2.963489
2.968605
2.973615
2.978520
2.983319
2.988011
2.992596
2.997074
3.001445
3.005709
3.009865
3.013913
3.017853
3.021685
3.025408
3.029023
3.032530
3.035928
3.039217
3.042398
3.045470
3.048433
3.051287
3.054032
3.056669
3.059197
3.061616
3.063926
3.066128
3.068221
3.070206
3.072082
3.073851
3.075511
3.077064
3.078509
3.079847
3.081078
3.082201
3.083218
3.084128
3.084933
3.085631
3.086224
3.086711
3.087094
3.087372
3.087546
3.087616
3.087583
3.087446
3.087207
3.086866
3.086423
3.085879
3.085234
3.084488
3.083643
3.082699
3.081656
3.080515
3.079276
3.077940
3.076507
3.074979
3.073355
3.071637
3.069825
3.067919
3.065921
3.063831
3.061649
3.059377
3.057015
3.054563
3.052024
3.049396
3.046682
3.043881
3.040995
3.038024
3.034970
3.031832
3.028612
3.025311
3.021930
3.018469
3.014929
3.011311
3.007617
3.003846
3.000000
2.996080
2.992086
2.988020
2.983883
2.979675
2.975398
2.971052
2.966638
2.962158
2.957613
2.953003
2.948329
2.943593
2.938795
2.933937
2.929019
2.924044
2.919010
2.913921
2.908777
2.903578
2.898327
2.893023
2.887669
2.882265
2.876813
2.871313
2.865767
2.860176
2.854541
2.848863
2.843143
2.837383
2.831583
2.825745
2.819870
2.813959
2.808013
2.802033
2.796022
2.789979
2.783906
2.777804
2.771674
2.765518
2.759337
2.753132
2.746903
2.740654
2.734384
2.728094
2.721787
2.715462
2.709123
2.702768
2.696401
2.690022
2.683632
2.677232
2.670824
2.664409
2.657989
2.651563
2.645134
2.638703
2.632271
2.625839
2.619408
2.612980
2.606556
2.600137
2.593724
2.587319
2.580922
2.574535
2.568159
2.561796
2.555446
2.549110
2.542790
2.536487
2.530202
2.523936
2.517691
2.511468
2.505267
2.499090
2.492939
2.486813
2.480715
2.474645
2.468605
2.462596
2.456618
2.450674
2.444764
2.438888
2.433049
2.427248
2.421484
2.415761
2.410078
2.404436
2.398837
2.393282
2.387772
2.382307
2.376889
2.371519
2.366198
2.360927
2.355706
2.350537
2.345421
2.340359
2.335351
2.330399
2.325503
2.320665
2.315885
2.311165
2.306504
2.301905
2.297368
2.292893
2.288482
2.284136
2.279855
2.275640
2.271492
2.267412
2.263400
2.259457
2.255585
2.251784
2.248054
2.244396
2.240812
2.237301
2.233865
2.230504
2.227219
2.224010
2.220878
2.217824
2.214848
2.211952
2.209135
2.206398
2.203742
2.201167
2.198674
2.196263
2.193936
2.191691
2.189531
2.187455
2.185464
2.183558
2.181738
2.180004
2.178356
2.176796
2.175323
2.173937
2.172640
2.171431
2.170311
2.169280
2.168338
2.167486
2.166723
2.166051
2.165470
2.164979
2.164578
2.164269
2.164051
2.163925
2.163890
2.163946
2.164095
2.164335
2.164667
2.165092
2.165608
2.166217
2.166918
2.167712
2.168597
2.169575
2.170645
2.171807
2.173061
2.174408
2.175846
2.177376
2.178998
2.180711
2.182517
2.184413
2.186400
2.188479
2.190648
2.192908
2.195258
2.197698
2.200228
2.202848
2.205557
2.208354
2.211240
2.214215
2.217277
2.220427
2.223665
2.226989
2.230399
2.233895
2.237477
2.241144
2.244895
2.248731
2.252650
2.256653
2.260738
2.264905
2.269153
2.273483
2.277892
2.282382
2.286951
2.291598
2.296324
2.301126
2.306006
2.310961
2.315992
2.321097
2.326276
2.331528
2.336853
2.342249
2.347717
2.353254
2.358861
2.364536
2.370280
2.376090
2.381966
2.387908
2.393914
2.399983
2.406115
2.412309
2.418564
2.424879
2.431253
2.437685
2.444174
2.450720
2.457321
2.463976
2.470684
2.477444
2.484256
2.491118
2.498030
2.504990
2.511996
2.519049
2.526147
2.533289
2.540474
2.547701
2.554968
2.562275
2.569621
2.577003
2.584422
2.591877
2.599365
2.606886
2.614438
2.622021
2.629633
2.637274
2.644941
2.652634
2.660351
2.668092
2.675855
2.683638
2.691442
2.699263
2.707102
2.714957
2.722826
2.730709
2.738604
2.746510
2.754425
2.762349
2.770280
2.778216
2.786157
2.794102
2.802048
2.809994
2.817940
2.825885
2.833825
2.841761
2.849692
2.857615
2.865529
2.873434
2.881327
2.889208
2.897075
2.904927
2.912762
2.920580
2.928378
2.936156
2.943912
2.951646
2.959354
2.967037
2.974693
2.982321
2.989918
2.997485
3.005019
3.012520
3.019985
3.027415
3.034806
3.042159
3.049471
3.056742
3.063969
3.071153
3.078291
3.085382
3.092426
3.099419
3.106363
3.113254
3.120092
3.126875
3.133603
3.140273
3.146885
3.153438
3.159930
3.166359
3.172726
3.179028
3.185264
3.191433
3.197533
3.203565
3.209525
3.215414
3.221230
3.226971
3.232637
3.238227
3.243739
3.249171
3.254524
3.259796
3.264985
3.270091
3.275112
3.280047
3.284896
3.289657
3.294329
3.298911
3.303401
3.307800
3.312106
3.316317
3.320433
3.324452
3.328375
3.332199
3.335924
3.339548
3.343072
3.346493
3.349811
3.353026
3.356135
3.359139
3.362035
3.364825
3.367505
3.370077
3.372538
3.374888
3.377126
3.379252
3.381264
3.383162
3.384945
3.386613
3.388163
3.389597
3.390912
3.392109
3.393187
3.394144
3.394981
3.395696
3.396290
3.396761
3.397108
3.397332
3.397432
3.397406
3.397255
3.396978
3.396574
3.396043
3.395385
3.394599
3.393684
3.392640
3.391467
3.390164
3.388731
3.387167
3.385472
3.383646
3.381688
3.379598
3.377376
3.375022
3.372534
3.369914
3.367160
3.364272
3.361251
3.358095
3.354806
3.351382
3.347824
3.344131
3.340303
3.336340
3.332243
3.328011
3.323643
3.319140
3.314503
3.309730
3.304822
3.299780
3.294602
3.289289
3.283842
3.278259
3.272542
3.266691
3.260705
3.254585
3.248332
3.241944
3.235423
3.228768
3.221981
3.215060
3.208007
3.200822
3.193505
3.186056
3.178476
3.170765
3.162924
3.154953
3.146852
3.138621
3.130262
3.121775
3.113159
3.104417
3.095547
3.086551
3.077430
3.068183
3.058812
3.049316
3.039697
3.029955
3.020092
3.010106
3.000000
2.989774
2.979428
2.968963
2.958381
2.947681
2.936865
2.925933
2.914886
2.903725
2.892451
2.881064
2.869566
2.857957
2.846239
2.834411
2.822475
2.810433
2.798284
2.786030
2.773672
2.761210
2.748647
2.735982
2.723217
2.710352
2.697390
2.684331
2.671175
2.657925
2.644581
2.631145
2.617617
2.603998
2.590291
2.576495
2.562612
2.548644
2.534591
2.520456
2.506237
2.491939
2.477560
2.463104
2.448570
2.433961
2.419277
2.404520
2.389691
2.374792
2.359824
2.344788
2.329685
2.314517
2.299286
2.283992
2.268638
2.253224
2.237751
2.222222
2.206638
2.191000
2.175310
2.159568
2.143777
2.127939
2.112053
2.096123
2.080149
2.064133
2.048077
2.031982
2.015849
1.999680
1.983477
1.967241
1.950973
1.934676
1.918350
1.901998
1.885621
1.869220
1.852798
1.836355
1.819893
1.803414
1.786919
1.770411
1.753890
1.737358
1.720817
1.704269
1.687714
1.671156
1.654594
1.638032
1.621470
1.604910
1.588354
1.571804
1.555261
1.538726
1.522202
1.505690
1.489191
1.472708
1.456241
1.439794
1.423366
1.406960
1.390578
1.374220
1.357890
1.341588
1.325316
1.309075
1.292868
1.276696
1.260560
1.244463
1.228405
1.212389
1.196416
1.180487
1.164605
1.148770
1.132985
1.117252
1.101570
1.085944
1.070373
1.054859
1.039404
1.024011
1.008679
0.993411
0.978208
0.963072
0.948005
0.933008
0.918082
0.903229
0.888451
0.873748
0.859124
0.844578
0.830113
0.815730
0.801431
0.787217
0.773089
0.759049
0.745099
0.731239
0.717472
0.703799
0.690220
0.676738
0.663355
0.650070
0.636886
0.623804
0.610826
0.597952
0.585185
0.572525
0.559974
0.547533
0.535203
0.522986
0.510883
0.498895
0.487023
0.475269
0.463634
0.452120
0.440726
0.429455
0.418308
0.407286
0.396389
0.385620
0.374979
0.364468
0.354087
0.343838
0.333721
0.323738
0.313890
0.304178
0.294602
0.285165
0.275866
0.266707
0.257689
0.248813
0.240079
0.231489
0.223043
0.214743
0.206589
0.198582
0.190723
0.183013
0.175452
0.168042
0.160783
0.153676
0.146722
0.139921
0.133275
0.126783
0.120447
0.114266
0.108243
0.102378
0.096670
0.091121
0.085732
0.080502
0.075433
0.070525
0.065778
0.061193
0.056771
0.052511
0.048415
0.044483
0.040716
0.037112
0.033674
0.030401
0.027294
0.024354
0.021579
0.018971
0.016530
0.014256
0.012150
0.010212
0.008441
0.006838
0.005404
0.004138
0.003040
0.002112
0.001352
0.000760
0.000338
0.000084
