2500
0.004445
0.016974
0.036481
0.063790
0.100439
0.146050
0.199103
0.259086
0.326702
0.402394
0.485612
0.575603
0.672223
0.775672
0.885809
1.002090
1.124030
1.251429
1.384125
1.521739
1.663760
1.809764
1.959434
2.112415
2.268245
2.426439
2.586568
2.748234
2.911004
3.074407
3.237977
3.401284
3.563904
3.725396
3.885317
4.043237
4.198748
4.351451
4.500944
4.646838
4.788763
4.926367
5.059309
5.187261
5.309914
5.426979
5.538186
5.643283
5.742037
5.834238
5.919695
5.998242
6.069732
6.134041
6.191067
6.240732
6.282979
6.317776
6.345111
6.364995
6.377463
6.382568
6.380387
6.371018
6.354579
6.331206
6.301058
6.264307
6.221148
6.171790
6.116457
6.055391
5.988846
5.917088
5.840398
5.759066
5.673392
5.583685
5.490262
5.393445
5.293563
5.190949
5.085938
4.978867
4.870073
4.759895
4.648669
4.536726
4.424397
4.312006
4.199871
4.088305
3.977610
3.868082
3.760007
3.653658
3.549301
3.447187
3.347554
3.250629
3.156624
3.065737
2.978151
2.894034
2.813538
2.736800
2.663942
2.595068
2.530266
2.469611
2.413158
2.360949
2.313008
2.269346
2.229957
2.194820
2.163901
2.137151
2.114507
2.095894
2.081225
2.070400
2.063308
2.059830
2.059833
2.063179
2.069720
2.079301
2.091761
2.106933
2.124645
2.144720
2.166980
2.191244
2.217329
2.245051
2.274227
2.304676
2.336217
2.368672
2.401867
2.435633
2.469802
2.504216
2.538721
2.573169
2.607420
2.641341
2.674809
2.707707
2.739930
2.771379
2.801966
2.831614
2.860254
2.887828
2.914288
2.939596
2.963726
2.986658
3.008386
3.028912
3.048248
3.066414
3.083442
3.099370
3.114245
3.128122
3.141064
3.153139
3.164425
3.175002
3.184957
3.194383
3.203374
3.212030
3.220452
3.228744
3.237013
3.245363
3.253902
3.262735
3.271966
3.281698
3.292031
3.303061
3.314883
3.327583
3.341247
3.355952
3.371770
3.388767
3.407000
3.426523
3.447377
3.469598
3.493212
3.518238
3.544685
3.572552
3.601830
3.632501
3.664536
3.697898
3.732539
3.768403
3.805426
3.843532
3.882640
3.922656
3.963482
4.005011
4.047127
4.089708
4.132627
4.175750
4.218935
4.262040
4.304915
4.347407
4.389362
4.430620
4.471022
4.510409
4.548617
4.585488
4.620861
4.654579
4.686486
4.716431
4.744265
4.769846
4.793034
4.813699
4.831713
4.846960
4.859328
4.868715
4.875028
4.878183
4.878106
4.874733
4.868010
4.857897
4.844362
4.827385
4.806961
4.783092
4.755795
4.725100
4.691047
4.653690
4.613093
4.569334
4.522501
4.472694
4.420026
4.364619
4.306606
4.246130
4.183345
4.118412
4.051504
3.982798
3.912482
3.840749
3.767799
3.693837
3.619073
3.543722
3.468001
3.392129
3.316329
3.240823
3.165834
3.091583
3.018292
2.946178
2.875456
2.806338
2.739029
2.673730
2.610636
2.549935
2.491806
2.436421
2.383942
2.334522
2.288304
2.245420
2.205990
2.170123
2.137916
2.109454
2.084808
2.064037
2.047185
2.034285
2.025355
2.020399
2.019409
2.022361
2.029219
2.039934
2.054443
2.072670
2.094526
2.119912
2.148715
2.180811
2.216065
2.254332
2.295457
2.339275
2.385614
2.434293
2.485124
2.537913
2.592460
2.648560
2.706004
2.764579
2.824072
2.884266
2.944945
3.005891
3.066888
3.127724
3.188187
3.248069
3.307166
3.365281
3.422222
3.477802
3.531843
3.584175
3.634636
3.683075
3.729349
3.773326
3.814885
3.853917
3.890324
3.924021
3.954935
3.983005
4.008185
4.030440
4.049749
4.066104
4.079512
4.089990
4.097570
4.102297
4.104227
4.103429
4.099986
4.093989
4.085543
4.074763
4.061772
4.046705
4.029706
4.010925
3.990521
3.968660
3.945514
3.921260
3.896079
3.870156
3.843680
3.816840
3.789828
3.762834
3.736048
3.709661
3.683857
3.658821
3.634731
3.611761
3.590080
3.569848
3.551220
3.534342
3.519351
3.506374
3.495529
3.486922
3.480648
3.476791
3.475422
3.476599
3.480367
3.486758
3.495790
3.507468
3.521781
3.538707
3.558208
3.580232
3.604712
3.631571
3.660715
3.692038
3.725421
3.760733
3.797830
3.836557
3.876748
3.918228
3.960809
4.004297
4.048488
4.093173
4.138133
4.183147
4.227985
4.272416
4.316206
4.359117
4.400912
4.441352
4.480202
4.517225
4.552191
4.584870
4.615041
4.642486
4.666995
4.688367
4.706407
4.720934
4.731774
4.738766
4.741761
4.740624
4.735232
4.725478
4.711270
4.692532
4.669202
4.641237
4.608611
4.571313
4.529354
4.482757
4.431569
4.375852
4.315685
4.251168
4.182417
4.109566
4.032766
3.952187
3.868014
3.780448
3.689707
3.596022
3.499641
3.400824
3.299845
3.196988
3.092550
2.986839
2.880170
2.772868
2.665264
2.557696
2.450506
2.344042
2.238651
2.134685
2.032494
1.932428
1.834834
1.740056
1.648434
1.560301
1.475982
1.395796
1.320052
1.249047
1.183066
1.122384
1.067259
1.017936
0.974642
0.937591
0.906975
0.882971
0.865734
0.855402
0.852091
0.855895
0.866888
0.885122
0.910626
0.943407
0.983448
1.030712
1.085137
1.146638
1.215108
1.290418
1.372415
1.460927
1.555759
1.656693
1.763495
1.875908
1.993657
2.116449
2.243974
2.375904
2.511898
2.651599
2.794636
2.940627
3.089180
3.239890
3.392345
3.546128
3.700811
3.855967
4.011160
4.165957
4.319921
4.472618
4.623614
4.772480
4.918792
5.062131
5.202087
5.338257
5.470251
5.597687
5.720199
5.837431
5.949046
6.054720
6.154146
6.247037
6.333124
6.412157
6.483907
6.548166
6.604748
6.653489
6.694250
6.726913
6.751384
6.767595
6.775499
6.775076
6.766328
6.749285
6.723996
6.690539
6.649012
6.599538
6.542263
6.477354
6.405001
6.325415
6.238828
6.145490
6.045671
5.939659
5.827759
5.710290
5.587588
5.460004
5.327898
5.191644
5.051626
4.908237
4.761877
4.612953
4.461878
4.309068
4.154942
3.999921
3.844423
3.688868
3.533673
3.379250
3.226006
3.074343
2.924653
2.777322
2.632724
2.491225
2.353175
2.218915
2.088769
1.963049
1.842050
1.726050
1.615310
1.510075
1.410571
1.317004
1.229561
1.148411
1.073701
1.005558
0.944090
0.889383
0.841504
0.800497
0.766388
0.739181
0.718862
0.705396
0.698727
0.698783
0.705473
0.718685
0.738295
0.764157
0.796113
0.833987
0.877591
0.926721
0.981162
1.040687
1.105057
1.174024
1.247330
1.324710
1.405891
1.490596
1.578539
1.669435
1.762992
1.858919
1.956921
2.056706
2.157980
2.260454
2.363841
2.467856
2.572221
2.676661
2.780911
2.884709
2.987805
3.089953
3.190919
3.290479
3.388418
3.484532
3.578629
3.670528
3.760061
3.847070
3.931412
4.012955
4.091581
4.167184
4.239671
4.308963
4.374993
4.437707
4.497062
4.553029
4.605590
4.654740
4.700484
4.742839
4.781830
4.817496
4.849883
4.879045
4.905047
4.927959
4.947862
4.964841
4.978986
4.990394
4.999167
5.005410
5.009232
5.010744
5.010059
5.007292
5.002558
4.995973
4.987651
4.977706
4.966251
4.953394
4.939243
4.923901
4.907467
4.890038
4.871704
4.852551
4.832660
4.812104
4.790954
4.769271
4.747113
4.724530
4.701564
4.678253
4.654628
4.630711
4.606521
4.582068
4.557357
4.532386
4.507148
4.481631
4.455815
4.429678
4.403193
4.376327
4.349045
4.321308
4.293073
4.264295
4.234930
4.204928
4.174241
4.142820
4.110616
4.077579
4.043664
4.008824
3.973016
3.936199
3.898337
3.859396
3.819346
3.778164
3.735830
3.692330
3.647657
3.601808
3.554790
3.506613
3.457299
3.406873
3.355369
3.302830
3.249307
3.194856
3.139545
3.083447
3.026644
2.969226
2.911291
2.852944
2.794296
2.735469
2.676587
2.617784
2.559197
2.500973
2.443259
2.386210
2.329984
2.274743
2.220653
2.167880
2.116593
2.066963
2.019160
1.973355
1.929719
1.888418
1.849618
1.813483
1.780171
1.749838
1.722631
1.698696
1.678169
1.661180
1.647851
1.638296
1.632618
1.630913
1.633266
1.639749
1.650425
1.665346
1.684549
1.708061
1.735895
1.768052
1.804517
1.845266
1.890257
1.939436
1.992735
2.050073
2.111354
2.176470
2.245298
2.317702
2.393533
2.472632
2.554824
2.639924
2.727736
2.818053
2.910657
3.005321
3.101809
3.199877
3.299274
3.399740
3.501011
3.602819
3.704888
3.806942
3.908701
4.009885
4.110211
4.209397
4.307164
4.403233
4.497330
4.589184
4.678529
4.765105
4.848660
4.928949
5.005736
5.078792
5.147903
5.212863
5.273478
5.329567
5.380963
5.427512
5.469075
5.505527
5.536760
5.562682
5.583215
5.598300
5.607894
5.611972
5.610525
5.603561
5.591108
5.573208
5.549923
5.521331
5.487525
5.448618
5.404738
5.356026
5.302643
5.244761
5.182569
5.116268
5.046072
4.972208
4.894914
4.814440
4.731043
4.644991
4.556559
4.466031
4.373695
4.279845
4.184778
4.088795
3.992199
3.895294
3.798383
3.701769
3.605751
3.510625
3.416685
3.324218
3.233503
3.144814
3.058415
2.974562
2.893501
2.815466
2.740678
2.669349
2.601675
2.537838
2.478006
2.422332
2.370954
2.323992
2.281551
2.243718
2.210563
2.182141
2.158486
2.139617
2.125533
2.116219
2.111639
2.111743
2.116461
2.125709
2.139386
2.157373
2.179539
2.205737
2.235805
2.269568
2.306839
2.347419
2.391097
2.437652
2.486854
2.538463
2.592234
2.647913
2.705242
2.763958
2.823795
2.884483
2.945753
3.007334
3.068956
3.130352
3.191257
3.251409
3.310554
3.368441
3.424828
3.479479
3.532170
3.582683
3.630813
3.676367
3.719163
3.759032
3.795818
3.829381
3.859595
3.886349
3.909547
3.929111
3.944977
3.957101
3.965452
3.970019
3.970805
3.967834
3.961143
3.950789
3.936841
3.919390
3.898538
3.874405
3.847125
3.816847
3.783734
3.747960
3.709715
3.669198
3.626620
3.582201
3.536172
3.488770
3.440242
3.390837
3.340814
3.290433
3.239958
3.189656
3.139792
3.090635
3.042450
2.995499
2.950042
2.906335
2.864626
2.825159
2.788168
2.753880
2.722511
2.694267
2.669343
2.647921
2.630168
2.616241
2.606279
2.600407
2.598734
2.601352
2.608337
2.619746
2.635621
2.655984
2.680838
2.710171
2.743948
2.782119
2.824615
2.871348
2.922213
2.977086
3.035827
3.098278
3.164265
3.233598
3.306072
3.381467
3.459549
3.540071
3.622774
3.707388
3.793631
3.881213
3.969834
4.059189
4.148966
4.238845
4.328506
4.417623
4.505870
4.592920
4.678447
4.762127
4.843638
4.922663
4.998890
5.072016
5.141741
5.207779
5.269851
5.327690
5.381039
5.429659
5.473319
5.511807
5.544926
5.572495
5.594349
5.610344
5.620351
5.624264
5.621994
5.613473
5.598651
5.577503
5.550022
5.516222
5.476139
5.429829
5.377370
5.318860
5.254418
5.184183
5.108313
5.026988
4.940403
4.848775
4.752336
4.651336
4.546041
4.436731
4.323704
4.207267
4.087743
3.965463
3.840772
3.714022
3.585573
3.455794
3.325056
3.193739
3.062223
2.930891
2.800127
2.670315
2.541837
2.415070
2.290390
2.168166
2.048759
1.932525
1.819810
1.710948
1.606264
1.506070
1.410665
1.320334
1.235346
1.155954
1.082396
1.014890
0.953638
0.898821
0.850602
0.809124
0.774510
0.746861
0.726259
0.712762
0.706410
0.707219
0.715185
0.730282
0.752464
0.781662
0.817788
0.860734
0.910371
0.966550
1.029105
1.097850
1.172583
1.253085
1.339118
1.430433
1.526765
1.627833
1.733347
1.843005
1.956491
2.073484
2.193652
2.316657
2.442154
2.569793
2.699220
2.830078
2.962011
3.094658
3.227663
3.360668
3.493321
3.625273
3.756178
3.885699
4.013504
4.139270
4.262684
4.383440
4.501246
4.615819
4.726890
4.834202
4.937511
5.036591
5.131226
5.221219
5.306386
5.386562
5.461597
5.531357
5.595727
5.654607
5.707915
5.755588
5.797576
5.833850
5.864397
5.889218
5.908335
5.921781
5.929609
5.931885
5.928689
5.920119
5.906282
5.887301
5.863311
5.834458
5.800900
5.762805
5.720349
5.673720
5.623112
5.568725
5.510768
5.449454
5.385000
5.317629
5.247565
5.175035
5.100266
5.023489
4.944930
4.864817
4.783376
4.700829
4.617397
4.533293
4.448730
4.363912
4.279041
4.194308
4.109901
4.025999
3.942773
3.860386
3.778993
3.698739
3.619762
3.542189
3.466138
3.391717
3.319026
3.248154
3.179180
3.112174
3.047198
2.984303
2.923530
2.864914
2.808479
2.754242
2.702211
2.652387
2.604764
2.559328
2.516061
2.474936
2.435924
2.398988
2.364087
2.331179
2.300215
2.271145
2.243917
2.218476
2.194766
2.172732
2.152316
2.133463
2.116117
2.100225
2.085732
2.072590
2.060750
2.050169
2.040803
2.032616
2.025574
2.019647
2.014809
2.011040
2.008325
2.006651
2.006014
2.006412
2.007849
2.010335
2.013883
2.018513
2.024247
2.031115
2.039148
2.048383
2.058862
2.070626
2.083724
2.098205
2.114122
2.131528
2.150479
2.171032
2.193245
2.217174
2.242876
2.270408
2.299824
2.331176
2.364515
2.399886
2.437335
2.476898
2.518612
2.562505
2.608600
2.656916
2.707462
2.760244
2.815256
2.872489
2.931921
2.993526
3.057265
3.123095
3.190958
3.260791
3.332520
3.406061
3.481321
3.558197
3.636575
3.716335
3.797343
3.879461
3.962536
4.046412
4.130920
4.215886
4.301127
4.386453
4.471666
4.556565
4.640940
4.724577
4.807259
4.888763
4.968865
5.047338
5.123952
5.198477
5.270685
5.340346
5.407232
5.471120
5.531788
5.589018
5.642598
5.692321
5.737987
5.779404
5.816388
5.848764
5.876367
5.899041
5.916645
5.929046
5.936127
5.937782
5.933920
5.924464
5.909354
5.888542
5.861998
5.829709
5.791676
5.747920
5.698476
5.643397
5.582754
5.516636
5.445147
5.368409
5.286561
5.199759
5.108176
5.011999
4.911433
4.806697
4.698025
4.585665
4.469878
4.350939
4.229136
4.104764
3.978134
3.849562
3.719375
3.587908
3.455501
3.322502
3.189262
3.056136
2.923481
2.791657
2.661022
2.531935
2.404752
2.279827
2.157507
2.038137
1.922053
1.809584
1.701051
1.596764
1.497022
1.402114
1.312314
1.227883
1.149068
1.076098
1.009190
0.948538
0.894324
0.846708
0.805831
0.771815
0.744764
0.724758
0.711859
0.706106
0.707517
0.716091
0.731802
0.754606
0.784434
0.821201
0.864796
0.915090
0.971933
1.035156
1.104571
1.179970
1.261129
1.347803
1.439735
1.536650
1.638257
1.744254
1.854324
1.968139
2.085360
2.205638
2.328615
2.453927
2.581203
2.710066
2.840136
2.971032
3.102370
3.233765
3.364835
3.495201
3.624486
3.752318
3.878332
4.002171
4.123485
4.241933
4.357188
4.468932
4.576861
4.680683
4.780123
4.874920
4.964832
5.049630
5.129105
5.203068
5.271346
5.333789
5.390263
5.440657
5.484880
5.522862
5.554553
5.579926
5.598973
5.611707
5.618164
5.618398
5.612485
5.600519
5.582616
5.558909
5.529550
5.494708
5.454570
5.409339
5.359233
5.304486
5.245343
5.182065
5.114921
5.044195
4.970176
4.893165
4.813469
4.731402
4.647280
4.561428
4.474169
4.385830
4.296737
4.207216
4.117591
4.028181
3.939303
3.851266
3.764374
3.678923
3.595199
3.513480
3.434031
3.357108
3.282952
3.211793
3.143844
3.079304
3.018359
2.961175
2.907905
2.858682
2.813624
2.772828
2.736376
2.704330
2.676735
2.653616
2.634980
2.620818
2.611099
2.605777
2.604787
2.608048
2.615461
2.626912
2.642270
2.661389
2.684110
2.710259
2.739650
2.772083
2.807350
2.845230
2.885493
2.927903
2.972213
3.018172
3.065525
3.114009
3.163361
3.213315
3.263605
3.313963
3.364125
3.413828
3.462812
3.510823
3.557612
3.602935
3.646559
3.688256
3.727810
3.765014
3.799673
3.831603
3.860633
3.886607
3.909382
3.928827
3.944831
3.957295
3.966137
3.971292
3.972711
3.970360
3.964226
3.954310
3.940631
3.923223
3.902140
3.877450
3.849239
3.817607
3.782672
3.744564
3.703432
3.659434
3.612744
3.563550
3.512049
3.458451
3.402976
3.345853
3.287321
3.227624
3.167015
3.105751
3.044096
2.982316
2.920678
2.859454
2.798913
2.739326
2.680960
2.624082
2.568952
2.515828
2.464959
2.416590
2.370957
2.328286
2.288795
2.252691
2.220168
2.191411
2.166588
2.145855
2.129356
2.117216
2.109548
2.106446
2.107990
2.114242
2.125247
2.141034
2.161613
2.186977
2.217102
2.251945
2.291449
2.335534
2.384109
2.437063
2.494268
2.555581
2.620846
2.689887
2.762518
2.838536
2.917729
2.999867
3.084714
3.172020
3.261526
3.352965
3.446060
3.540529
3.636083
3.732428
3.829265
3.926295
4.023214
4.119719
4.215506
4.310273
4.403721
4.495553
4.585477
4.673207
4.758462
4.840969
4.920465
4.996695
5.069412
5.138384
5.203387
5.264212
5.320662
5.372555
5.419722
5.462009
5.499280
5.531412
5.558300
5.579855
5.596005
5.606695
5.611888
5.611563
5.605718
5.594367
5.577542
5.555292
5.527682
5.494794
5.456726
5.413593
5.365523
5.312661
5.255165
5.193208
5.126974
5.056661
4.982477
4.904644
4.823389
4.738954
4.651584
4.561535
4.469069
4.374452
4.277956
4.179857
4.080433
3.979965
3.878733
3.777018
3.675102
3.573262
3.471774
3.370909
3.270935
3.172114
3.074701
2.978945
2.885087
2.793359
2.703985
2.617177
2.533139
2.452064
2.374130
2.299508
2.228353
2.160809
2.097007
2.037065
1.981085
1.929159
1.881362
1.837759
1.798397
1.763313
1.732528
1.706050
1.683875
1.665985
1.652349
1.642925
1.637658
1.636482
1.639319
1.646082
1.656672
1.670983
1.688899
1.710295
1.735039
1.762992
1.794010
1.827941
1.864630
1.903918
1.945641
1.989633
2.035728
2.083754
2.133543
2.184925
2.237731
2.291793
2.346946
2.403027
2.459876
2.517338
2.575260
2.633498
2.691908
2.750356
2.808712
2.866853
2.924664
2.982035
3.038866
3.095062
3.150537
3.205213
3.259019
3.311894
3.363782
3.414638
3.464423
3.513105
3.560662
3.607077
3.652342
3.696453
3.739416
3.781240
3.821943
3.861545
3.900072
3.937557
3.974034
4.009541
4.044120
4.077815
4.110673
4.142741
4.174067
4.204701
4.234691
4.264086
4.292932
4.321275
4.349158
4.376622
4.403703
4.430436
4.456850
4.482971
4.508819
4.534409
4.559752
4.584851
4.609706
4.634307
4.658642
4.682688
4.706420
4.729803
4.752796
4.775353
4.797420
4.818937
4.839838
4.860050
4.879496
4.898091
4.915747
4.932370
4.947862
4.962120
4.975038
4.986508
4.996417
5.004652
5.011097
5.015637
5.018155
5.018533
5.016659
5.012416
5.005696
4.996387
4.984387
4.969595
4.951914
4.931256
4.907535
4.880676
4.850608
4.817271
4.780612
4.740587
4.697163
4.650317
4.600036
4.546317
4.489172
4.428621
4.364700
4.297453
4.226941
4.153234
4.076418
3.996591
3.913862
3.828355
3.740207
3.649567
3.556597
3.461469
3.364370
3.265497
3.165059
3.063274
2.960372
2.856592
2.752180
2.647394
2.542497
2.437760
2.333458
2.229874
2.127294
2.026008
1.926308
1.828488
1.732842
1.639665
1.549249
1.461886
1.377862
1.297461
1.220959
1.148629
1.080734
1.017530
0.959261
0.906165
0.858464
0.816372
0.780088
0.749796
0.725667
0.707855
0.696500
0.691723
0.693627
0.702299
0.717807
0.740197
0.769499
0.805722
0.848854
0.898863
0.955697
1.019283
1.089527
1.166316
1.249514
1.338968
1.434502
1.535923
1.643017
1.755551
1.873276
1.995924
2.123210
2.254833
2.390477
2.529812
2.672493
2.818163
2.966455
3.116988
3.269375
3.423220
3.578117
3.733658
3.889427
4.045008
4.199980
4.353922
4.506414
4.657038
4.805376
4.951020
5.093562
5.232604
5.367756
5.498636
5.624876
5.746116
5.862012
5.972231
6.076460
6.174397
6.265762
6.350289
6.427735
6.497875
6.560504
6.615441
6.662523
6.701613
6.732596
6.755380
6.769897
6.776104
6.773981
6.763532
6.744787
6.717799
6.682645
6.639427
6.588269
6.529321
6.462752
6.388756
6.307548
6.219363
6.124459
6.023111
5.915612
5.802274
5.683427
5.559414
5.430593
5.297337
5.160030
5.019066
4.874852
4.727799
4.578328
4.426866
4.273843
4.119692
3.964849
3.809749
3.654827
3.500514
3.347240
3.195427
3.045492
2.897843
2.752881
2.610995
2.472563
2.337950
2.207510
2.081577
1.960474
1.844506
1.733958
1.629100
1.530181
1.437429
1.351055
1.271245
1.198165
1.131961
1.072753
1.020641
0.975702
0.937990
0.907535
0.884346
0.868408
0.859685
0.858117
0.863623
0.876103
0.895432
0.921468
0.954047
0.992989
1.038092
1.089141
1.145902
1.208125
1.275546
1.347890
1.424865
1.506171
1.591497
1.680522
1.772918
1.868351
1.966479
2.066959
2.169443
2.273580
2.379021
2.485417
2.592420
2.699686
2.806873
2.913648
3.019681
3.124652
3.228248
3.330167
3.430116
3.527815
3.622996
3.715403
3.804795
3.890945
3.973643
4.052693
4.127915
4.199148
4.266246
4.329082
4.387546
4.441546
4.491008
4.535876
4.576113
4.611699
4.642632
4.668927
4.690618
4.707753
4.720399
4.728639
4.732569
4.732303
4.727967
4.719701
4.707659
4.692004
4.672915
4.650576
4.625185
4.596945
4.566069
4.532776
4.497289
4.459837
4.420654
4.379974
4.338034
4.295072
4.251324
4.207026
4.162411
4.117709
4.073145
4.028941
3.985309
3.942458
3.900587
3.859887
3.820540
3.782718
3.746583
3.712285
3.679962
3.649740
3.621734
3.596044
3.572758
3.551949
3.533677
3.517988
3.504915
3.494476
3.486674
3.481500
3.478930
3.478927
3.481441
3.486409
3.493754
3.503389
3.515214
3.529119
3.544981
3.562671
3.582046
3.602959
3.625253
3.648762
3.673318
3.698744
3.724859
3.751480
3.778418
3.805485
3.832490
3.859241
3.885549
3.911224
3.936079
3.959931
3.982600
4.003910
4.023694
4.041787
4.058034
4.072287
4.084406
4.094261
4.101731
4.106706
4.109086
4.108783
4.105720
4.099833
4.091070
4.079392
4.064772
4.047196
4.026665
4.003192
3.976801
3.947534
3.915441
3.880590
3.843056
3.802931
3.760316
3.715326
3.668086
3.618732
3.567410
3.514276
3.459495
3.403241
3.345694
3.287043
3.227483
3.167215
3.106442
3.045376
2.984227
2.923210
2.862542
2.802440
2.743121
2.684799
2.627690
2.572003
2.517947
2.465724
2.415533
2.367566
2.322007
2.279035
2.238820
2.201522
2.167293
2.136273
2.108595
2.084377
2.063728
2.046744
2.033507
2.024090
2.018551
2.016932
2.019267
2.025572
2.035852
2.050098
2.068284
2.090376
2.116323
2.146061
2.179515
2.216594
2.257199
2.301215
2.348518
2.398972
2.452430
2.508737
2.567725
2.629222
2.693044
2.759000
2.826896
2.896526
2.967684
3.040158
3.113731
3.188184
3.263297
3.338847
3.414612
3.490369
3.565899
3.640982
3.715401
3.788945
3.861406
3.932580
4.002270
4.070285
4.136442
4.200564
4.262485
4.322045
4.379095
4.433496
4.485119
4.533845
4.579567
4.622190
4.661629
4.697811
4.730676
4.760176
4.786274
4.808947
4.828182
4.843979
4.856350
4.865319
4.870921
4.873202
4.872219
4.868040
4.860742
4.850413
4.837150
4.821057
4.802249
4.780845
4.756974
4.730771
4.702374
4.671929
4.639585
4.605496
4.569816
4.532705
4.494321
4.454825
4.414378
4.373139
4.331268
4.288920
4.246250
4.203409
4.160543
4.117795
4.075302
4.033195
3.991599
3.950633
3.910409
3.871030
3.832593
3.795185
3.758885
3.723763
3.689882
3.657293
3.626038
3.596152
3.567658
3.540571
3.514896
3.490629
3.467757
3.446259
3.426104
3.407252
3.389658
3.373267
3.358016
3.343839
3.330658
3.318395
3.306963
3.296271
3.286225
3.276726
3.267672
3.258961
3.250487
3.242144
3.233825
3.225424
3.216837
3.207960
3.198691
3.188935
3.178595
3.167582
3.155813
3.143206
3.129689
3.115196
3.099666
3.083048
3.065299
3.046383
3.026273
3.004953
2.982414
2.958659
2.933700
2.907558
2.880265
2.851863
2.822406
2.791956
2.760584
2.728375
2.695421
2.661822
2.627691
2.593146
2.558317
2.523339
2.488357
2.453520
2.418987
2.384920
2.351488
2.318863
2.287223
2.256746
2.227614
2.200012
2.174122
2.150131
2.128220
2.108571
2.091364
2.076773
2.064969
2.056119
2.050382
2.047912
2.048853
2.053343
2.061509
2.073470
2.089332
2.109191
2.133131
2.161222
2.193524
2.230079
2.270917
2.316055
2.365492
2.419213
2.477186
2.539367
2.605691
2.676081
2.750441
2.828661
2.910613
2.996154
3.085127
3.177357
3.272656
3.370820
3.471631
3.574858
3.680256
3.787570
3.896529
4.006856
4.118259
4.230441
4.343093
4.455901
4.568542
4.680691
4.792014
4.902178
5.010844
5.117674
5.222329
5.324472
5.423768
5.519883
5.612491
5.701269
5.785904
5.866087
5.941522
6.011920
6.077006
6.136515
6.190197
6.237817
6.279154
6.314003
6.342177
6.363506
6.377841
6.385050
6.385022
6.377665
6.362911
6.340711
6.311040
6.273892
6.229288
6.177268
6.117895
6.051256
5.977460
5.896639
5.808946
5.714557
5.613668
5.506499
5.393288
5.274293
5.149793
5.020083
4.885480
4.746313
4.602929
4.455692
4.304976
4.151172
3.994679
3.835908
3.675280
3.513224
3.350174
3.186571
3.022860
2.859487
2.696902
2.535553
2.375886
2.218347
2.063375
1.911404
1.762862
1.618168
1.477730
1.341947
1.211205
1.085877
0.966320
0.852876
0.745870
0.645610
0.552384
0.466460
0.388085
0.317487
0.254868
0.200410
0.154269
0.116580
0.087452
0.066968
0.000000
