2500
0.000000
0.004449
0.017783
0.039963
0.070924
0.110578
0.158808
0.215474
0.280412
0.353434
0.434329
0.522861
0.618776
0.721797
0.831626
0.947947
1.070427
1.198715
1.332442
1.471228
1.614676
1.762380
1.913921
2.068871
2.226792
2.387243
2.549774
2.713931
2.879261
3.045306
3.211609
3.377715
3.543173
3.707535
3.870359
4.031211
4.189664
4.345302
4.497719
4.646522
4.791332
4.931781
5.067520
5.198216
5.323552
5.443229
5.556969
5.664513
5.765622
5.860078
5.947686
6.028271
6.101681
6.167788
6.226485
6.277690
6.321344
6.357408
6.385869
6.406737
6.420043
6.425841
6.424207
6.415237
6.399051
6.375785
6.345598
6.308667
6.265186
6.215368
6.159441
6.097648
6.030249
5.957515
5.879730
5.797189
5.710199
5.619073
5.524135
5.425714
5.324145
5.219767
5.112923
5.003956
4.893212
4.781036
4.667770
4.553757
4.439332
4.324827
4.210569
4.096876
3.984060
3.872424
3.762258
3.653846
3.547459
3.443353
3.341776
3.242959
3.147119
3.054461
2.965172
2.879426
2.797379
2.719173
2.644932
2.574765
2.508763
2.447003
2.389543
2.336426
2.287679
2.243312
2.203321
2.167685
2.136369
2.109324
2.086487
2.067780
2.053115
2.042390
2.035492
2.032298
2.032673
2.036475
2.043552
2.053746
2.066891
2.082815
2.101343
2.122292
2.145480
2.170719
2.197822
2.226600
2.256864
2.288427
2.321102
2.354708
2.389063
2.423992
2.459325
2.494896
2.530546
2.566122
2.601479
2.636481
2.670999
2.704911
2.738108
2.770488
2.801960
2.832442
2.861862
2.890161
2.917286
2.943199
2.967870
2.991280
3.013421
3.034292
3.053907
3.072285
3.089458
3.105464
3.120351
3.134176
3.147002
3.158900
3.169949
3.180232
3.189839
3.198863
3.207404
3.215564
3.223448
3.231164
3.238822
3.246530
3.254400
3.262542
3.271064
3.280074
3.289675
3.299970
3.311055
3.323024
3.335965
3.349961
3.365087
3.381414
3.399005
3.417915
3.438190
3.459871
3.482987
3.507559
3.533600
3.561112
3.590089
3.620515
3.652363
3.685597
3.720173
3.756036
3.793121
3.831354
3.870654
3.910927
3.952076
3.993991
4.036557
4.079651
4.123144
4.166900
4.210776
4.254626
4.298298
4.341637
4.384485
4.426679
4.468057
4.508455
4.547706
4.585648
4.622115
4.656945
4.689979
4.721061
4.750037
4.776759
4.801084
4.822876
4.842003
4.858343
4.871780
4.882208
4.889528
4.893651
4.894501
4.892007
4.886114
4.876775
4.863955
4.847632
4.827796
4.804447
4.777599
4.747279
4.713525
4.676389
4.635934
4.592236
4.545382
4.495473
4.442618
4.386942
4.328578
4.267669
4.204370
4.138843
4.071263
4.001809
3.930672
3.858046
3.784135
3.709146
3.633295
3.556797
3.479876
3.402754
3.325658
3.248815
3.172452
3.096797
3.022075
2.948509
2.876319
2.805723
2.736930
2.670149
2.605578
2.543411
2.483833
2.427021
2.373143
2.322357
2.274811
2.230641
2.189973
2.152921
2.119586
2.090056
2.064408
2.042704
2.024991
2.011306
2.001670
1.996089
1.994557
1.997053
2.003543
2.013978
2.028296
2.046423
2.068271
2.093738
2.122712
2.155068
2.190671
2.229374
2.271019
2.315440
2.362463
2.411903
2.463570
2.517265
2.572786
2.629923
2.688463
2.748189
2.808884
2.870324
2.932289
2.994557
3.056906
3.119118
3.180975
3.242264
3.302777
3.362309
3.420663
3.477646
3.533076
3.586775
3.638578
3.688326
3.735873
3.781080
3.823823
3.863988
3.901471
3.936184
3.968050
3.997004
4.022996
4.045988
4.065957
4.082892
4.096797
4.107689
4.115596
4.120564
4.122647
4.121915
4.118449
4.112342
4.103699
4.092636
4.079278
4.063761
4.046231
4.026841
4.005754
3.983138
3.959168
3.934025
3.907895
3.880967
3.853433
3.825489
3.797330
3.769153
3.741153
3.713525
3.686462
3.660151
3.634778
3.610523
3.587559
3.566054
3.546168
3.528054
3.511852
3.497698
3.485714
3.476012
3.468692
3.463843
3.461541
3.461848
3.464815
3.470478
3.478858
3.489963
3.503788
3.520311
3.539497
3.561297
3.585648
3.612470
3.641673
3.673151
3.706786
3.742445
3.779985
3.819250
3.860073
3.902274
3.945668
3.990055
4.035230
4.080979
4.127080
4.173307
4.219428
4.265207
4.310402
4.354773
4.398076
4.440067
4.480503
4.519144
4.555751
4.590089
4.621929
4.651047
4.677227
4.700260
4.719944
4.736091
4.748521
4.757066
4.761569
4.761889
4.757898
4.749481
4.736540
4.718992
4.696772
4.669830
4.638134
4.601671
4.560443
4.514474
4.463803
4.408490
4.348612
4.284266
4.215564
4.142640
4.065644
3.984745
3.900125
3.811989
3.720552
3.626050
3.528729
3.428852
3.326695
3.222547
3.116707
3.009485
2.901203
2.792189
2.682779
2.573317
2.464152
2.355634
2.248121
2.141969
2.037536
1.935179
1.835252
1.738108
1.644094
1.553551
1.466813
1.384206
1.306048
1.232645
1.164290
1.101265
1.043837
0.992261
0.946770
0.907587
0.874911
0.848927
0.829798
0.817667
0.812659
0.814874
0.824391
0.841269
0.865542
0.897222
0.936298
0.982735
1.036475
1.097436
1.165516
1.240586
1.322497
1.411076
1.506128
1.607439
1.714771
1.827868
1.946453
2.070232
2.198891
2.332101
2.469516
2.610775
2.755504
2.903316
3.053812
3.206584
3.361212
3.517272
3.674332
3.831953
3.989697
4.147119
4.303776
4.459224
4.613022
4.764732
4.913920
5.060159
5.203030
5.342121
5.477031
5.607371
5.732764
5.852848
5.967273
6.075708
6.177838
6.273366
6.362016
6.443529
6.517668
6.584219
6.642988
6.693804
6.736521
6.771016
6.797189
6.814966
6.824296
6.825155
6.817542
6.801480
6.777020
6.744234
6.703220
6.654099
6.597017
6.532140
6.459659
6.379786
6.292752
6.198812
6.098236
5.991316
5.878360
5.759692
5.635651
5.506592
5.372882
5.234899
5.093034
4.947686
4.799261
4.648174
4.494845
4.339696
4.183155
4.025650
3.867610
3.709460
3.551626
3.394529
3.238585
3.084203
2.931786
2.781727
2.634409
2.490204
2.349475
2.212567
2.079814
1.951535
1.828033
1.709593
1.596484
1.488956
1.387243
1.291556
1.202089
1.119015
1.042487
0.972637
0.909576
0.853394
0.804162
0.761926
0.726715
0.698536
0.677375
0.663198
0.655950
0.655560
0.661935
0.674965
0.694522
0.720459
0.752617
0.790818
0.834869
0.884564
0.939685
1.000000
1.065266
1.135231
1.209631
1.288197
1.370651
1.456709
1.546080
1.638472
1.733589
1.831131
1.930798
2.032292
2.135312
2.239563
2.344749
2.450582
2.556775
2.663048
2.769129
2.874750
2.979653
3.083590
3.186318
3.287609
3.387243
3.485010
3.580713
3.674167
3.765199
3.853648
3.939367
4.022221
4.102088
4.178860
4.252443
4.322753
4.389723
4.453298
4.513433
4.570100
4.623280
4.672967
4.719168
4.761900
4.801189
4.837076
4.869607
4.898841
4.924842
4.947686
4.967453
4.984233
4.998119
5.009212
5.017617
5.023443
5.026801
5.027809
5.026583
5.023241
5.017904
5.010691
5.001722
4.991114
4.978983
4.965444
4.950607
4.934580
4.917467
4.899367
4.880375
4.860581
4.840067
4.818912
4.797189
4.774962
4.752292
4.729229
4.705821
4.682106
4.658115
4.633875
4.609403
4.584711
4.559804
4.534681
4.509335
4.483753
4.457916
4.431801
4.405377
4.378613
4.351471
4.323910
4.295886
4.267352
4.238259
4.208557
4.178195
4.147119
4.115278
4.082620
4.049094
4.014652
3.979246
3.942833
3.905371
3.866824
3.827158
3.786346
3.744364
3.701195
3.656828
3.611258
3.564487
3.516524
3.467384
3.417093
3.365681
3.313189
3.259663
3.205161
3.149746
3.093490
3.036475
2.978788
2.920527
2.861797
2.802709
2.743382
2.683944
2.624528
2.565272
2.506323
2.447832
2.389953
2.332848
2.276681
2.221618
2.167831
2.115491
2.064772
2.015848
1.968894
1.924082
1.881586
1.841575
1.804217
1.769675
1.738108
1.709671
1.684512
1.662773
1.644589
1.630087
1.619385
1.612593
1.609810
1.611126
1.616618
1.626355
1.640391
1.658770
1.681521
1.708662
1.740196
1.776115
1.816396
1.860999
1.909876
1.962959
2.020170
2.081415
2.146587
2.215564
2.288212
2.364383
2.443916
2.526637
2.612361
2.700890
2.792017
2.885521
2.981174
3.078738
3.177966
3.278603
3.380387
3.483050
3.586319
3.689915
3.793558
3.896963
3.999842
4.101910
4.202880
4.302465
4.400381
4.496348
4.590089
4.681332
4.769810
4.855266
4.937447
5.016110
5.091022
5.161961
5.228714
5.291082
5.348878
5.401928
5.450073
5.493167
5.531082
5.563702
5.590930
5.612686
5.628904
5.639538
5.644558
5.643952
5.637726
5.625903
5.608524
5.585648
5.557351
5.523727
5.484885
5.440954
5.392076
5.338411
5.280132
5.217429
5.150504
5.079575
5.004869
4.926629
4.845106
4.760562
4.673269
4.583506
4.491561
4.397727
4.302303
4.205593
4.107902
4.009541
3.910818
3.812043
3.713525
3.615572
3.518486
3.422567
3.328109
3.235399
3.144717
3.056336
2.970518
2.887514
2.807567
2.730906
2.657747
2.588294
2.522735
2.461244
2.403980
2.351086
2.302688
2.258896
2.219802
2.185481
2.155989
2.131367
2.111635
2.096797
2.086839
2.081727
2.081413
2.085829
2.094891
2.108497
2.126530
2.148858
2.175332
2.205789
2.240054
2.277936
2.319232
2.363730
2.411205
2.461422
2.514139
2.569104
2.626060
2.684743
2.744885
2.806212
2.868451
2.931325
2.994557
3.057870
3.120991
3.183646
3.245569
3.306497
3.366172
3.424344
3.480772
3.535223
3.587473
3.637311
3.684534
3.728956
3.770400
3.808705
3.843724
3.875325
3.903392
3.927824
3.948536
3.965462
3.978552
3.987772
3.993107
3.994557
3.992142
3.985899
3.975881
3.962158
3.944817
3.923961
3.899710
3.872199
3.841577
3.808007
3.771667
3.732748
3.691451
3.647991
3.602592
3.555487
3.506918
3.457137
3.406398
3.354964
3.303102
3.251082
3.199175
3.147656
3.096797
3.046871
2.998148
2.950895
2.905374
2.861842
2.820548
2.781736
2.745639
2.712481
2.682475
2.655824
2.632715
2.613326
2.597817
2.586336
2.579013
2.575965
2.577288
2.583066
2.593360
2.608216
2.627661
2.651705
2.680336
2.713525
2.751226
2.793370
2.839872
2.890629
2.945519
3.004402
3.067121
3.133501
3.203351
3.276467
3.352625
3.431590
3.513113
3.596932
3.682772
3.770349
3.859368
3.949525
4.040510
4.132003
4.223681
4.315217
4.406279
4.496534
4.585648
4.673288
4.759121
4.842820
4.924059
5.002519
5.077886
5.149856
5.218133
5.282429
5.342470
5.397992
5.448746
5.494494
5.535017
5.570110
5.599583
5.623267
5.641008
5.652674
5.658149
5.657340
5.650172
5.636592
5.616568
5.590089
5.557165
5.517829
5.472133
5.420153
5.361984
5.297743
5.227569
5.151619
5.070070
4.983121
4.890987
4.793902
4.692118
4.585903
4.475540
4.361329
4.243581
4.122623
3.998791
3.872434
3.743910
3.613584
3.481831
3.349029
3.215564
3.081823
2.948197
2.815076
2.682852
2.551915
2.422651
2.295443
2.170668
2.048697
1.929893
1.814610
1.703191
1.595970
1.493266
1.395387
1.302625
1.215257
1.133545
1.057733
0.988048
0.924696
0.867867
0.817731
0.774435
0.738108
0.708858
0.686769
0.671907
0.664313
0.664009
0.670993
0.685242
0.706712
0.735336
0.771029
0.813681
0.863165
0.919332
0.982016
1.051029
1.126169
1.207212
1.293921
1.386043
1.483309
1.585436
1.692128
1.803079
1.917971
2.036475
2.158254
2.282964
2.410255
2.539770
2.671149
2.804029
2.938045
3.072831
3.208023
3.343255
3.478169
3.612407
3.745616
3.877453
4.007577
4.135659
4.261377
4.384419
4.504485
4.621286
4.734545
4.844000
4.949401
5.050514
5.147119
5.239012
5.326005
5.407928
5.484625
5.555959
5.621811
5.682078
5.736674
5.785532
5.828603
5.865854
5.897269
5.922851
5.942618
5.956606
5.964865
5.967463
5.964481
5.956016
5.942179
5.923094
5.898898
5.869740
5.835780
5.797189
5.754149
5.706848
5.655487
5.600269
5.541407
5.479119
5.413628
5.345160
5.273945
5.200215
5.124203
5.046143
4.966270
4.884815
4.802009
4.718082
4.633256
4.547754
4.461791
4.375577
4.289319
4.203213
4.117451
4.032217
3.947686
3.864025
3.781393
3.699939
3.619803
3.541116
3.463999
3.388562
3.314907
3.243125
3.173298
3.105496
3.039782
2.976208
2.914816
2.855640
2.798706
2.744028
2.691614
2.641466
2.593575
2.547926
2.504498
2.463265
2.424192
2.387243
2.352373
2.319537
2.288684
2.259760
2.232710
2.207477
2.184001
2.162222
2.142081
2.123518
2.106474
2.090891
2.076713
2.063888
2.052363
2.042090
2.033025
2.025128
2.018361
2.012691
2.008091
2.004537
2.002012
2.000502
2.000000
2.000502
2.002012
2.004537
2.008091
2.012691
2.018361
2.025128
2.033025
2.042090
2.052363
2.063888
2.076713
2.090891
2.106474
2.123518
2.142081
2.162222
2.184001
2.207477
2.232710
2.259760
2.288684
2.319537
2.352373
2.387243
2.424192
2.463265
2.504498
2.547926
2.593575
2.641466
2.691614
2.744028
2.798706
2.855640
2.914816
2.976208
3.039782
3.105496
3.173298
3.243125
3.314907
3.388562
3.463999
3.541116
3.619803
3.699939
3.781393
3.864025
3.947686
4.032217
4.117451
4.203213
4.289319
4.375577
4.461791
4.547754
4.633256
4.718082
4.802009
4.884815
4.966270
5.046143
5.124203
5.200215
5.273945
5.345160
5.413628
5.479119
5.541407
5.600269
5.655487
5.706848
5.754149
5.797189
5.835780
5.869740
5.898898
5.923094
5.942179
5.956016
5.964481
5.967463
5.964865
5.956606
5.942618
5.922851
5.897269
5.865854
5.828603
5.785532
5.736674
5.682078
5.621811
5.555959
5.484625
5.407928
5.326005
5.239012
5.147119
5.050514
4.949401
4.844000
4.734545
4.621286
4.504485
4.384419
4.261377
4.135659
4.007577
3.877453
3.745616
3.612407
3.478169
3.343255
3.208023
3.072831
2.938045
2.804029
2.671149
2.539770
2.410255
2.282964
2.158254
2.036475
1.917971
1.803079
1.692128
1.585436
1.483309
1.386043
1.293921
1.207212
1.126169
1.051029
0.982016
0.919332
0.863165
0.813681
0.771029
0.735336
0.706712
0.685242
0.670993
0.664009
0.664313
0.671907
0.686769
0.708858
0.738108
0.774435
0.817731
0.867867
0.924696
0.988048
1.057733
1.133545
1.215257
1.302625
1.395387
1.493266
1.595970
1.703191
1.814610
1.929893
2.048697
2.170668
2.295443
2.422651
2.551915
2.682852
2.815076
2.948197
3.081823
3.215564
3.349029
3.481831
3.613584
3.743910
3.872434
3.998791
4.122623
4.243581
4.361329
4.475540
4.585903
4.692118
4.793902
4.890987
4.983121
5.070070
5.151619
5.227569
5.297743
5.361984
5.420153
5.472133
5.517829
5.557165
5.590089
5.616568
5.636592
5.650172
5.657340
5.658149
5.652674
5.641008
5.623267
5.599583
5.570110
5.535017
5.494494
5.448746
5.397992
5.342470
5.282429
5.218133
5.149856
5.077886
5.002519
4.924059
4.842820
4.759121
4.673288
4.585648
4.496534
4.406279
4.315217
4.223681
4.132003
4.040510
3.949525
3.859368
3.770349
3.682772
3.596932
3.513113
3.431590
3.352625
3.276467
3.203351
3.133501
3.067121
3.004402
2.945519
2.890629
2.839872
2.793370
2.751226
2.713525
2.680336
2.651705
2.627661
2.608216
2.593360
2.583066
2.577288
2.575965
2.579013
2.586336
2.597817
2.613326
2.632715
2.655824
2.682475
2.712481
2.745639
2.781736
2.820548
2.861842
2.905374
2.950895
2.998148
3.046871
3.096797
3.147656
3.199175
3.251082
3.303102
3.354964
3.406398
3.457137
3.506918
3.555487
3.602592
3.647991
3.691451
3.732748
3.771667
3.808007
3.841577
3.872199
3.899710
3.923961
3.944817
3.962158
3.975881
3.985899
3.992142
3.994557
3.993107
3.987772
3.978552
3.965462
3.948536
3.927824
3.903392
3.875325
3.843724
3.808705
3.770400
3.728956
3.684534
3.637311
3.587473
3.535223
3.480772
3.424344
3.366172
3.306497
3.245569
3.183646
3.120991
3.057870
2.994557
2.931325
2.868451
2.806212
2.744885
2.684743
2.626060
2.569104
2.514139
2.461422
2.411205
2.363730
2.319232
2.277936
2.240054
2.205789
2.175332
2.148858
2.126530
2.108497
2.094891
2.085829
2.081413
2.081727
2.086839
2.096797
2.111635
2.131367
2.155989
2.185481
2.219802
2.258896
2.302688
2.351086
2.403980
2.461244
2.522735
2.588294
2.657747
2.730906
2.807567
2.887514
2.970518
3.056336
3.144717
3.235399
3.328109
3.422567
3.518486
3.615572
3.713525
3.812043
3.910818
4.009541
4.107902
4.205593
4.302303
4.397727
4.491561
4.583506
4.673269
4.760562
4.845106
4.926629
5.004869
5.079575
5.150504
5.217429
5.280132
5.338411
5.392076
5.440954
5.484885
5.523727
5.557351
5.585648
5.608524
5.625903
5.637726
5.643952
5.644558
5.639538
5.628904
5.612686
5.590930
5.563702
5.531082
5.493167
5.450073
5.401928
5.348878
5.291082
5.228714
5.161961
5.091022
5.016110
4.937447
4.855266
4.769810
4.681332
4.590089
4.496348
4.400381
4.302465
4.202880
4.101910
3.999842
3.896963
3.793558
3.689915
3.586319
3.483050
3.380387
3.278603
3.177966
3.078738
2.981174
2.885521
2.792017
2.700890
2.612361
2.526637
2.443916
2.364383
2.288212
2.215564
2.146587
2.081415
2.020170
1.962959
1.909876
1.860999
1.816396
1.776115
1.740196
1.708662
1.681521
1.658770
1.640391
1.626355
1.616618
1.611126
1.609810
1.612593
1.619385
1.630087
1.644589
1.662773
1.684512
1.709671
1.738108
1.769675
1.804217
1.841575
1.881586
1.924082
1.968894
2.015848
2.064772
2.115491
2.167831
2.221618
2.276681
2.332848
2.389953
2.447832
2.506323
2.565272
2.624528
2.683944
2.743382
2.802709
2.861797
2.920527
2.978788
3.036475
3.093490
3.149746
3.205161
3.259663
3.313189
3.365681
3.417093
3.467384
3.516524
3.564487
3.611258
3.656828
3.701195
3.744364
3.786346
3.827158
3.866824
3.905371
3.942833
3.979246
4.014652
4.049094
4.082620
4.115278
4.147119
4.178195
4.208557
4.238259
4.267352
4.295886
4.323910
4.351471
4.378613
4.405377
4.431801
4.457916
4.483753
4.509335
4.534681
4.559804
4.584711
4.609403
4.633875
4.658115
4.682106
4.705821
4.729229
4.752292
4.774962
4.797189
4.818912
4.840067
4.860581
4.880375
4.899367
4.917467
4.934580
4.950607
4.965444
4.978983
4.991114
5.001722
5.010691
5.017904
5.023241
5.026583
5.027809
5.026801
5.023443
5.017617
5.009212
4.998119
4.984233
4.967453
4.947686
4.924842
4.898841
4.869607
4.837076
4.801189
4.761900
4.719168
4.672967
4.623280
4.570100
4.513433
4.453298
4.389723
4.322753
4.252443
4.178860
4.102088
4.022221
3.939367
3.853648
3.765199
3.674167
3.580713
3.485010
3.387243
3.287609
3.186318
3.083590
2.979653
2.874750
2.769129
2.663048
2.556775
2.450582
2.344749
2.239563
2.135312
2.032292
1.930798
1.831131
1.733589
1.638472
1.546080
1.456709
1.370651
1.288197
1.209631
1.135231
1.065266
1.000000
0.939685
0.884564
0.834869
0.790818
0.752617
0.720459
0.694522
0.674965
0.661935
0.655560
0.655950
0.663198
0.677375
0.698536
0.726715
0.761926
0.804162
0.853394
0.909576
0.972637
1.042487
1.119015
1.202089
1.291556
1.387243
1.488956
1.596484
1.709593
1.828033
1.951535
2.079814
2.212567
2.349475
2.490204
2.634409
2.781727
2.931786
3.084203
3.238585
3.394529
3.551626
3.709460
3.867610
4.025650
4.183155
4.339696
4.494845
4.648174
4.799261
4.947686
5.093034
5.234899
5.372882
5.506592
5.635651
5.759692
5.878360
5.991316
6.098236
6.198812
6.292752
6.379786
6.459659
6.532140
6.597017
6.654099
6.703220
6.744234
6.777020
6.801480
6.817542
6.825155
6.824296
6.814966
6.797189
6.771016
6.736521
6.693804
6.642988
6.584219
6.517668
6.443529
6.362016
6.273366
6.177838
6.075708
5.967273
5.852848
5.732764
5.607371
5.477031
5.342121
5.203030
5.060159
4.913920
4.764732
4.613022
4.459224
4.303776
4.147119
3.989697
3.831953
3.674332
3.517272
3.361212
3.206584
3.053812
2.903316
2.755504
2.610775
2.469516
2.332101
2.198891
2.070232
1.946453
1.827868
1.714771
1.607439
1.506128
1.411076
1.322497
1.240586
1.165516
1.097436
1.036475
0.982735
0.936298
0.897222
0.865542
0.841269
0.824391
0.814874
0.812659
0.817667
0.829798
0.848927
0.874911
0.907587
0.946770
0.992261
1.043837
1.101265
1.164290
1.232645
1.306048
1.384206
1.466813
1.553551
1.644094
1.738108
1.835252
1.935179
2.037536
2.141969
2.248121
2.355634
2.464152
2.573317
2.682779
2.792189
2.901203
3.009485
3.116707
3.222547
3.326695
3.428852
3.528729
3.626050
3.720552
3.811989
3.900125
3.984745
4.065644
4.142640
4.215564
4.284266
4.348612
4.408490
4.463803
4.514474
4.560443
4.601671
4.638134
4.669830
4.696772
4.718992
4.736540
4.749481
4.757898
4.761889
4.761569
4.757066
4.748521
4.736091
4.719944
4.700260
4.677227
4.651047
4.621929
4.590089
4.555751
4.519144
4.480503
4.440067
4.398076
4.354773
4.310402
4.265207
4.219428
4.173307
4.127080
4.080979
4.035230
3.990055
3.945668
3.902274
3.860073
3.819250
3.779985
3.742445
3.706786
3.673151
3.641673
3.612470
3.585648
3.561297
3.539497
3.520311
3.503788
3.489963
3.478858
3.470478
3.464815
3.461848
3.461541
3.463843
3.468692
3.476012
3.485714
3.497698
3.511852
3.528054
3.546168
3.566054
3.587559
3.610523
3.634778
3.660151
3.686462
3.713525
3.741153
3.769153
3.797330
3.825489
3.853433
3.880967
3.907895
3.934025
3.959168
3.983138
4.005754
4.026841
4.046231
4.063761
4.079278
4.092636
4.103699
4.112342
4.118449
4.121915
4.122647
4.120564
4.115596
4.107689
4.096797
4.082892
4.065957
4.045988
4.022996
3.997004
3.968050
3.936184
3.901471
3.863988
3.823823
3.781080
3.735873
3.688326
3.638578
3.586775
3.533076
3.477646
3.420663
3.362309
3.302777
3.242264
3.180975
3.119118
3.056906
2.994557
2.932289
2.870324
2.808884
2.748189
2.688463
2.629923
2.572786
2.517265
2.463570
2.411903
2.362463
2.315440
2.271019
2.229374
2.190671
2.155068
2.122712
2.093738
2.068271
2.046423
2.028296
2.013978
2.003543
1.997053
1.994557
1.996089
2.001670
2.011306
2.024991
2.042704
2.064408
2.090056
2.119586
2.152921
2.189973
2.230641
2.274811
2.322357
2.373143
2.427021
2.483833
2.543411
2.605578
2.670149
2.736930
2.805723
2.876319
2.948509
3.022075
3.096797
3.172452
3.248815
3.325658
3.402754
3.479876
3.556797
3.633295
3.709146
3.784135
3.858046
3.930672
4.001809
4.071263
4.138843
4.204370
4.267669
4.328578
4.386942
4.442618
4.495473
4.545382
4.592236
4.635934
4.676389
4.713525
4.747279
4.777599
4.804447
4.827796
4.847632
4.863955
4.876775
4.886114
4.892007
4.894501
4.893651
4.889528
4.882208
4.871780
4.858343
4.842003
4.822876
4.801084
4.776759
4.750037
4.721061
4.689979
4.656945
4.622115
4.585648
4.547706
4.508455
4.468057
4.426679
4.384485
4.341637
4.298298
4.254626
4.210776
4.166900
4.123144
4.079651
4.036557
3.993991
3.952076
3.910927
3.870654
3.831354
3.793121
3.756036
3.720173
3.685597
3.652363
3.620515
3.590089
3.561112
3.533600
3.507559
3.482987
3.459871
3.438190
3.417915
3.399005
3.381414
3.365087
3.349961
3.335965
3.323024
3.311055
3.299970
3.289675
3.280074
3.271064
3.262542
3.254400
3.246530
3.238822
3.231164
3.223448
3.215564
3.207404
3.198863
3.189839
3.180232
3.169949
3.158900
3.147002
3.134176
3.120351
3.105464
3.089458
3.072285
3.053907
3.034292
3.013421
2.991280
2.967870
2.943199
2.917286
2.890161
2.861862
2.832442
2.801960
2.770488
2.738108
2.704911
2.670999
2.636481
2.601479
2.566122
2.530546
2.494896
2.459325
2.423992
2.389063
2.354708
2.321102
2.288427
2.256864
2.226600
2.197822
2.170719
2.145480
2.122292
2.101343
2.082815
2.066891
2.053746
2.043552
2.036475
2.032673
2.032298
2.035492
2.042390
2.053115
2.067780
2.086487
2.109324
2.136369
2.167685
2.203321
2.243312
2.287679
2.336426
2.389543
2.447003
2.508763
2.574765
2.644932
2.719173
2.797379
2.879426
2.965172
3.054461
3.147119
3.242959
3.341776
3.443353
3.547459
3.653846
3.762258
3.872424
3.984060
4.096876
4.210569
4.324827
4.439332
4.553757
4.667770
4.781036
4.893212
5.003956
5.112923
5.219767
5.324145
5.425714
5.524135
5.619073
5.710199
5.797189
5.879730
5.957515
6.030249
6.097648
6.159441
6.215368
6.265186
6.308667
6.345598
6.375785
6.399051
6.415237
6.424207
6.425841
6.420043
6.406737
6.385869
6.357408
6.321344
6.277690
6.226485
6.167788
6.101681
6.028271
5.947686
5.860078
5.765622
5.664513
5.556969
5.443229
5.323552
5.198216
5.067520
4.931781
4.791332
4.646522
4.497719
4.345302
4.189664
4.031211
3.870359
3.707535
3.543173
3.377715
3.211609
3.045306
2.879261
2.713931
2.549774
2.387243
2.226792
2.068871
1.913921
1.762380
1.614676
1.471228
1.332442
1.198715
1.070427
0.947947
0.831626
0.721797
0.618776
0.522861
0.434329
0.353434
0.280412
0.215474
0.158808
0.110578
0.070924
0.039963
0.017783
0.004449
