4666
0.006000
0.012000
0.018000
0.024000
0.030000
0.036000
0.042000
0.048000
0.054000
0.060000
0.066000
0.072000
0.078000
0.084000
0.090000
0.096000
0.102000
0.108000
0.114000
0.120000
0.126000
0.132000
0.138000
0.144000
0.150000
0.156000
0.162000
0.168000
0.174000
0.180000
0.186000
0.192000
0.198000
0.204000
0.210000
0.216000
0.222000
0.228000
0.234000
0.240000
0.246000
0.252000
0.258000
0.264000
0.270000
0.276000
0.282000
0.288000
0.294000
0.300000
0.306000
0.312000
0.318000
0.324000
0.330000
0.336000
0.342000
0.348000
0.354000
0.360000
0.366000
0.372000
0.378000
0.384000
0.390000
0.396000
0.402000
0.408000
0.414000
0.420000
0.426000
0.432000
0.438000
0.444000
0.450000
0.456000
0.462000
0.468000
0.474000
0.480000
0.486000
0.492000
0.498000
0.504000
0.510000
0.516000
0.522000
0.528000
0.534000
0.540000
0.546000
0.552000
0.558000
0.564000
0.570000
0.576000
0.582000
0.588000
0.594000
0.600000
0.606000
0.612000
0.618000
0.624000
0.630000
0.636000
0.642000
0.648000
0.654000
0.660000
0.666000
0.672000
0.678000
0.684000
0.690000
0.696000
0.702000
0.708000
0.714000
0.720000
0.726000
0.732000
0.738000
0.744000
0.750000
0.756000
0.762000
0.768000
0.774000
0.780000
0.786000
0.792000
0.798000
0.804000
0.810000
0.816000
0.822000
0.828000
0.834000
0.840000
0.846000
0.852000
0.858000
0.864000
0.870000
0.876000
0.882000
0.888000
0.894000
0.900000
0.906000
0.912000
0.918000
0.924000
0.930000
0.936000
0.942000
0.948000
0.954000
0.960000
0.966000
0.972000
0.978000
0.984000
0.990000
0.996000
1.002000
1.008000
1.014000
1.020000
1.026000
1.032000
1.038000
1.044000
1.050000
1.056000
1.062000
1.068000
1.074000
1.080000
1.086000
1.092000
1.098000
1.104000
1.110000
1.116000
1.122000
1.128000
1.134000
1.140000
1.146000
1.152000
1.158000
1.164000
1.170000
1.176000
1.182000
1.188000
1.194000
1.200000
1.206000
1.212000
1.218000
1.224000
1.230000
1.236000
1.242000
1.248000
1.254000
1.260000
1.266000
1.272000
1.278000
1.284000
1.290000
1.296000
1.302000
1.308000
1.314000
1.320000
1.326000
1.332000
1.338000
1.344000
1.350000
1.356000
1.362000
1.368000
1.374000
1.380000
1.386000
1.392000
1.398000
1.404000
1.410000
1.416000
1.422000
1.428000
1.434000
1.440000
1.446000
1.452000
1.458000
1.464000
1.470000
1.476000
1.482000
1.488000
1.494000
1.500000
1.506000
1.512000
1.518000
1.524000
1.530000
1.536000
1.542000
1.548000
1.554000
1.560000
1.566000
1.572000
1.578000
1.584000
1.590000
1.596000
1.602000
1.608000
1.614000
1.620000
1.626000
1.632000
1.638000
1.644000
1.650000
1.656000
1.662000
1.668000
1.674000
1.680000
1.686000
1.692000
1.698000
1.704000
1.710000
1.716000
1.722000
1.728000
1.734000
1.740000
1.746000
1.752000
1.758000
1.764000
1.770000
1.776000
1.782000
1.788000
1.794000
1.800000
1.806000
1.812000
1.818000
1.824000
1.830000
1.836000
1.842000
1.848000
1.854000
1.860000
1.866000
1.872000
1.878000
1.884000
1.890000
1.896000
1.902000
1.908000
1.914000
1.920000
1.926000
1.932000
1.938000
1.944000
1.950000
1.956000
1.962000
1.968000
1.974000
1.980000
1.986000
1.992000
1.998000
2.004000
2.010000
2.016000
2.022000
2.028000
2.034000
2.040000
2.046000
2.052000
2.058000
2.064000
2.070000
2.076000
2.082000
2.088000
2.094000
2.100000
2.106000
2.112000
2.118000
2.124000
2.130000
2.136000
2.142000
2.148000
2.154000
2.160000
2.166000
2.172000
2.178000
2.184000
2.190000
2.196000
2.202000
2.208000
2.214000
2.220000
2.226000
2.232000
2.238000
2.244000
2.250000
2.256000
2.262000
2.268000
2.274000
2.280000
2.286000
2.292000
2.298000
2.304000
2.310000
2.316000
2.322000
2.328000
2.334000
2.340000
2.346000
2.352000
2.358000
2.364000
2.370000
2.376000
2.382000
2.388000
2.394000
2.400000
2.406000
2.412000
2.418000
2.424000
2.430000
2.436000
2.442000
2.448000
2.454000
2.460000
2.466000
2.472000
2.478000
2.484000
2.490000
2.496000
2.502000
2.508000
2.514000
2.520000
2.526000
2.532000
2.538000
2.544000
2.550000
2.556000
2.562000
2.568000
2.574000
2.580000
2.586000
2.592000
2.598000
2.604000
2.610000
2.616000
2.622000
2.628000
2.634000
2.640000
2.646000
2.652000
2.658000
2.664000
2.670000
2.676000
2.682000
2.688000
2.694000
2.700000
2.706000
2.712000
2.718000
2.724000
2.730000
2.736000
2.742000
2.748000
2.754000
2.760000
2.766000
2.772000
2.778000
2.784000
2.790000
2.796000
2.802000
2.808000
2.814000
2.820000
2.826000
2.832000
2.838000
2.844000
2.850000
2.856000
2.862000
2.868000
2.874000
2.880000
2.886000
2.892000
2.898000
2.904000
2.910000
2.916000
2.922000
2.928000
2.934000
2.940000
2.946000
2.952000
2.958000
2.964000
2.970000
2.976000
2.982000
2.988000
2.994000
3.000000
3.006000
3.012000
3.018000
3.024000
3.030000
3.036000
3.042000
3.048000
3.054000
3.060000
3.066000
3.072000
3.078000
3.084000
3.090000
3.096000
3.102000
3.108000
3.114000
3.120000
3.126000
3.132000
3.138000
3.144000
3.150000
3.156000
3.162000
3.168000
3.174000
3.180000
3.186000
3.192000
3.198000
3.204000
3.210000
3.216000
3.222000
3.228000
3.234000
3.240000
3.246000
3.252000
3.258000
3.264000
3.270000
3.276000
3.282000
3.288000
3.294000
3.300000
3.306000
3.312000
3.318000
3.324000
3.330000
3.336000
3.342000
3.348000
3.354000
3.360000
3.366000
3.372000
3.378000
3.384000
3.390000
3.396000
3.402000
3.408000
3.414000
3.420000
3.426000
3.432000
3.438000
3.444000
3.450000
3.456000
3.462000
3.468000
3.474000
3.480000
3.486000
3.492000
3.498000
3.504000
3.510000
3.516000
3.522000
3.528000
3.534000
3.540000
3.546000
3.552000
3.558000
3.564000
3.570000
3.576000
3.582000
3.588000
3.594000
3.600000
3.606000
3.612000
3.618000
3.624000
3.630000
3.636000
3.642000
3.648000
3.654000
3.660000
3.666000
3.672000
3.678000
3.684000
3.690000
3.696000
3.702000
3.708000
3.714000
3.720000
3.726000
3.732000
3.738000
3.744000
3.750000
3.756000
3.762000
3.768000
3.774000
3.780000
3.786000
3.792000
3.798000
3.804000
3.810000
3.816000
3.822000
3.828000
3.834000
3.840000
3.846000
3.852000
3.858000
3.864000
3.870000
3.876000
3.882000
3.888000
3.894000
3.900000
3.906000
3.912000
3.918000
3.924000
3.930000
3.936000
3.942000
3.948000
3.954000
3.960000
3.966000
3.972000
3.978000
3.984000
3.990000
3.996000
4.002000
4.008000
4.014000
4.020000
4.026000
4.032000
4.038000
4.044000
4.050000
4.056000
4.062000
4.068000
4.074000
4.080000
4.086000
4.092000
4.098000
4.104000
4.110000
4.116000
4.122000
4.128000
4.134000
4.140000
4.146000
4.152000
4.158000
4.164000
4.170000
4.176000
4.182000
4.188000
4.194000
4.200000
4.206000
4.212000
4.218000
4.224000
4.230000
4.236000
4.242000
4.248000
4.254000
4.260000
4.266000
4.272000
4.278000
4.284000
4.290000
4.296000
4.302000
4.308000
4.314000
4.320000
4.326000
4.332000
4.338000
4.344000
4.350000
4.356000
4.362000
4.368000
4.374000
4.380000
4.386000
4.392000
4.398000
4.404000
4.410000
4.416000
4.422000
4.428000
4.434000
4.440000
4.446000
4.452000
4.458000
4.464000
4.470000
4.476000
4.482000
4.488000
4.494000
4.500000
4.506000
4.512000
4.518000
4.524000
4.530000
4.536000
4.542000
4.548000
4.554000
4.560000
4.566000
4.572000
4.578000
4.584000
4.590000
4.596000
4.602000
4.608000
4.614000
4.620000
4.626000
4.632000
4.638000
4.644000
4.650000
4.656000
4.662000
4.668000
4.674000
4.680000
4.686000
4.692000
4.698000
4.704000
4.710000
4.716000
4.722000
4.728000
4.734000
4.740000
4.746000
4.752000
4.758000
4.764000
4.770000
4.776000
4.782000
4.788000
4.794000
4.800000
4.806000
4.812000
4.818000
4.824000
4.830000
4.836000
4.842000
4.848000
4.854000
4.860000
4.866000
4.872000
4.878000
4.884000
4.890000
4.896000
4.902000
4.908000
4.914000
4.920000
4.926000
4.932000
4.938000
4.944000
4.950000
4.956000
4.962000
4.968000
4.974000
4.980000
4.986000
4.992000
4.998000
5.004000
5.010000
5.016000
5.022000
5.028000
5.034000
5.040000
5.046000
5.052000
5.058000
5.064000
5.070000
5.076000
5.082000
5.088000
5.094000
5.100000
5.106000
5.112000
5.118000
5.124000
5.130000
5.136000
5.142000
5.148000
5.154000
5.160000
5.166000
5.172000
5.178000
5.184000
5.190000
5.196000
5.202000
5.208000
5.214000
5.220000
5.226000
5.232000
5.238000
5.244000
5.250000
5.256000
5.262000
5.268000
5.274000
5.280000
5.286000
5.292000
5.298000
5.304000
5.310000
5.316000
5.322000
5.328000
5.334000
5.340000
5.346000
5.352000
5.358000
5.364000
5.370000
5.376000
5.382000
5.388000
5.394000
5.400000
5.406000
5.412000
5.418000
5.424000
5.430000
5.436000
5.442000
5.448000
5.454000
5.460000
5.466000
5.472000
5.478000
5.484000
5.490000
5.496000
5.502000
5.508000
5.514000
5.520000
5.526000
5.532000
5.538000
5.544000
5.550000
5.556000
5.562000
5.568000
5.574000
5.580000
5.586000
5.592000
5.598000
5.604000
5.610000
5.616000
5.622000
5.628000
5.634000
5.640000
5.646000
5.652000
5.658000
5.664000
5.670000
5.676000
5.682000
5.688000
5.694000
5.700000
5.706000
5.712000
5.718000
5.724000
5.730000
5.736000
5.742000
5.748000
5.754000
5.760000
5.766000
5.772000
5.778000
5.784000
5.790000
5.796000
5.802000
5.808000
5.814000
5.820000
5.826000
5.832000
5.838000
5.844000
5.850000
5.856000
5.862000
5.868000
5.874000
5.880000
5.886000
5.892000
5.898000
5.904000
5.910000
5.916000
5.922000
5.928000
5.934000
5.940000
5.946000
5.952000
5.958000
5.964000
5.970000
5.976000
5.982000
5.988000
5.994000
6.000000
6.006000
6.012000
6.018000
6.024000
6.030000
6.036000
6.042000
6.048000
6.054000
6.060000
6.066000
6.072000
6.078000
6.084000
6.090000
6.096000
6.102000
6.108000
6.114000
6.120000
6.126000
6.132000
6.138000
6.144000
6.150000
6.156000
6.162000
6.168000
6.174000
6.180000
6.186000
6.192000
6.198000
6.204000
6.210000
6.216000
6.222000
6.228000
6.234000
6.240000
6.246000
6.252000
6.258000
6.264000
6.270000
6.276000
6.282000
6.288000
6.294000
6.300000
6.306000
6.312000
6.318000
6.324000
6.330000
6.336000
6.342000
6.348000
6.354000
6.360000
6.366000
6.372000
6.378000
6.384000
6.390000
6.396000
6.402000
6.408000
6.414000
6.420000
6.426000
6.432000
6.438000
6.444000
6.450000
6.456000
6.462000
6.468000
6.474000
6.480000
6.486000
6.492000
6.498000
6.504000
6.510000
6.516000
6.522000
6.528000
6.534000
6.540000
6.546000
6.552000
6.558000
6.564000
6.570000
6.576000
6.582000
6.588000
6.594000
6.600000
6.606000
6.612000
6.618000
6.624000
6.630000
6.636000
6.642000
6.648000
6.654000
6.660000
6.666000
6.672000
6.678000
6.684000
6.690000
6.696000
6.702000
6.708000
6.714000
6.720000
6.726000
6.732000
6.738000
6.744000
6.750000
6.756000
6.762000
6.768000
6.774000
6.780000
6.786000
6.792000
6.798000
6.804000
6.810000
6.816000
6.822000
6.828000
6.834000
6.840000
6.846000
6.852000
6.858000
6.864000
6.870000
6.876000
6.882000
6.888000
6.894000
6.900000
6.906000
6.912000
6.918000
6.924000
6.930000
6.936000
6.942000
6.948000
6.954000
6.960000
6.966000
6.972000
6.978000
6.984000
6.990000
6.996000
6.996000
6.990000
6.984000
6.978000
6.972000
6.966000
6.960000
6.954000
6.948000
6.942000
6.936000
6.930000
6.924000
6.918000
6.912000
6.906000
6.900000
6.894000
6.888000
6.882000
6.876000
6.870000
6.864000
6.858000
6.852000
6.846000
6.840000
6.834000
6.828000
6.822000
6.816000
6.810000
6.804000
6.798000
6.792000
6.786000
6.780000
6.774000
6.768000
6.762000
6.756000
6.750000
6.744000
6.738000
6.732000
6.726000
6.720000
6.714000
6.708000
6.702000
6.696000
6.690000
6.684000
6.678000
6.672000
6.666000
6.660000
6.654000
6.648000
6.642000
6.636000
6.630000
6.624000
6.618000
6.612000
6.606000
6.600000
6.594000
6.588000
6.582000
6.576000
6.570000
6.564000
6.558000
6.552000
6.546000
6.540000
6.534000
6.528000
6.522000
6.516000
6.510000
6.504000
6.498000
6.492000
6.486000
6.480000
6.474000
6.468000
6.462000
6.456000
6.450000
6.444000
6.438000
6.432000
6.426000
6.420000
6.414000
6.408000
6.402000
6.396000
6.390000
6.384000
6.378000
6.372000
6.366000
6.360000
6.354000
6.348000
6.342000
6.336000
6.330000
6.324000
6.318000
6.312000
6.306000
6.300000
6.294000
6.288000
6.282000
6.276000
6.270000
6.264000
6.258000
6.252000
6.246000
6.240000
6.234000
6.228000
6.222000
6.216000
6.210000
6.204000
6.198000
6.192000
6.186000
6.180000
6.174000
6.168000
6.162000
6.156000
6.150000
6.144000
6.138000
6.132000
6.126000
6.120000
6.114000
6.108000
6.102000
6.096000
6.090000
6.084000
6.078000
6.072000
6.066000
6.060000
6.054000
6.048000
6.042000
6.036000
6.030000
6.024000
6.018000
6.012000
6.006000
6.000000
5.994000
5.988000
5.982000
5.976000
5.970000
5.964000
5.958000
5.952000
5.946000
5.940000
5.934000
5.928000
5.922000
5.916000
5.910000
5.904000
5.898000
5.892000
5.886000
5.880000
5.874000
5.868000
5.862000
5.856000
5.850000
5.844000
5.838000
5.832000
5.826000
5.820000
5.814000
5.808000
5.802000
5.796000
5.790000
5.784000
5.778000
5.772000
5.766000
5.760000
5.754000
5.748000
5.742000
5.736000
5.730000
5.724000
5.718000
5.712000
5.706000
5.700000
5.694000
5.688000
5.682000
5.676000
5.670000
5.664000
5.658000
5.652000
5.646000
5.640000
5.634000
5.628000
5.622000
5.616000
5.610000
5.604000
5.598000
5.592000
5.586000
5.580000
5.574000
5.568000
5.562000
5.556000
5.550000
5.544000
5.538000
5.532000
5.526000
5.520000
5.514000
5.508000
5.502000
5.496000
5.490000
5.484000
5.478000
5.472000
5.466000
5.460000
5.454000
5.448000
5.442000
5.436000
5.430000
5.424000
5.418000
5.412000
5.406000
5.400000
5.394000
5.388000
5.382000
5.376000
5.370000
5.364000
5.358000
5.352000
5.346000
5.340000
5.334000
5.328000
5.322000
5.316000
5.310000
5.304000
5.298000
5.292000
5.286000
5.280000
5.274000
5.268000
5.262000
5.256000
5.250000
5.244000
5.238000
5.232000
5.226000
5.220000
5.214000
5.208000
5.202000
5.196000
5.190000
5.184000
5.178000
5.172000
5.166000
5.160000
5.154000
5.148000
5.142000
5.136000
5.130000
5.124000
5.118000
5.112000
5.106000
5.100000
5.094000
5.088000
5.082000
5.076000
5.070000
5.064000
5.058000
5.052000
5.046000
5.040000
5.034000
5.028000
5.022000
5.016000
5.010000
5.004000
4.998000
4.992000
4.986000
4.980000
4.974000
4.968000
4.962000
4.956000
4.950000
4.944000
4.938000
4.932000
4.926000
4.920000
4.914000
4.908000
4.902000
4.896000
4.890000
4.884000
4.878000
4.872000
4.866000
4.860000
4.854000
4.848000
4.842000
4.836000
4.830000
4.824000
4.818000
4.812000
4.806000
4.800000
4.794000
4.788000
4.782000
4.776000
4.770000
4.764000
4.758000
4.752000
4.746000
4.740000
4.734000
4.728000
4.722000
4.716000
4.710000
4.704000
4.698000
4.692000
4.686000
4.680000
4.674000
4.668000
4.662000
4.656000
4.650000
4.644000
4.638000
4.632000
4.626000
4.620000
4.614000
4.608000
4.602000
4.596000
4.590000
4.584000
4.578000
4.572000
4.566000
4.560000
4.554000
4.548000
4.542000
4.536000
4.530000
4.524000
4.518000
4.512000
4.506000
4.500000
4.494000
4.488000
4.482000
4.476000
4.470000
4.464000
4.458000
4.452000
4.446000
4.440000
4.434000
4.428000
4.422000
4.416000
4.410000
4.404000
4.398000
4.392000
4.386000
4.380000
4.374000
4.368000
4.362000
4.356000
4.350000
4.344000
4.338000
4.332000
4.326000
4.320000
4.314000
4.308000
4.302000
4.296000
4.290000
4.284000
4.278000
4.272000
4.266000
4.260000
4.254000
4.248000
4.242000
4.236000
4.230000
4.224000
4.218000
4.212000
4.206000
4.200000
4.194000
4.188000
4.182000
4.176000
4.170000
4.164000
4.158000
4.152000
4.146000
4.140000
4.134000
4.128000
4.122000
4.116000
4.110000
4.104000
4.098000
4.092000
4.086000
4.080000
4.074000
4.068000
4.062000
4.056000
4.050000
4.044000
4.038000
4.032000
4.026000
4.020000
4.014000
4.008000
4.002000
3.996000
3.990000
3.984000
3.978000
3.972000
3.966000
3.960000
3.954000
3.948000
3.942000
3.936000
3.930000
3.924000
3.918000
3.912000
3.906000
3.900000
3.894000
3.888000
3.882000
3.876000
3.870000
3.864000
3.858000
3.852000
3.846000
3.840000
3.834000
3.828000
3.822000
3.816000
3.810000
3.804000
3.798000
3.792000
3.786000
3.780000
3.774000
3.768000
3.762000
3.756000
3.750000
3.744000
3.738000
3.732000
3.726000
3.720000
3.714000
3.708000
3.702000
3.696000
3.690000
3.684000
3.678000
3.672000
3.666000
3.660000
3.654000
3.648000
3.642000
3.636000
3.630000
3.624000
3.618000
3.612000
3.606000
3.600000
3.594000
3.588000
3.582000
3.576000
3.570000
3.564000
3.558000
3.552000
3.546000
3.540000
3.534000
3.528000
3.522000
3.516000
3.510000
3.504000
3.498000
3.492000
3.486000
3.480000
3.474000
3.468000
3.462000
3.456000
3.450000
3.444000
3.438000
3.432000
3.426000
3.420000
3.414000
3.408000
3.402000
3.396000
3.390000
3.384000
3.378000
3.372000
3.366000
3.360000
3.354000
3.348000
3.342000
3.336000
3.330000
3.324000
3.318000
3.312000
3.306000
3.300000
3.294000
3.288000
3.282000
3.276000
3.270000
3.264000
3.258000
3.252000
3.246000
3.240000
3.234000
3.228000
3.222000
3.216000
3.210000
3.204000
3.198000
3.192000
3.186000
3.180000
3.174000
3.168000
3.162000
3.156000
3.150000
3.144000
3.138000
3.132000
3.126000
3.120000
3.114000
3.108000
3.102000
3.096000
3.090000
3.084000
3.078000
3.072000
3.066000
3.060000
3.054000
3.048000
3.042000
3.036000
3.030000
3.024000
3.018000
3.012000
3.006000
3.000000
2.994000
2.988000
2.982000
2.976000
2.970000
2.964000
2.958000
2.952000
2.946000
2.940000
2.934000
2.928000
2.922000
2.916000
2.910000
2.904000
2.898000
2.892000
2.886000
2.880000
2.874000
2.868000
2.862000
2.856000
2.850000
2.844000
2.838000
2.832000
2.826000
2.820000
2.814000
2.808000
2.802000
2.796000
2.790000
2.784000
2.778000
2.772000
2.766000
2.760000
2.754000
2.748000
2.742000
2.736000
2.730000
2.724000
2.718000
2.712000
2.706000
2.700000
2.694000
2.688000
2.682000
2.676000
2.670000
2.664000
2.658000
2.652000
2.646000
2.640000
2.634000
2.628000
2.622000
2.616000
2.610000
2.604000
2.598000
2.592000
2.586000
2.580000
2.574000
2.568000
2.562000
2.556000
2.550000
2.544000
2.538000
2.532000
2.526000
2.520000
2.514000
2.508000
2.502000
2.496000
2.490000
2.484000
2.478000
2.472000
2.466000
2.460000
2.454000
2.448000
2.442000
2.436000
2.430000
2.424000
2.418000
2.412000
2.406000
2.400000
2.394000
2.388000
2.382000
2.376000
2.370000
2.364000
2.358000
2.352000
2.346000
2.340000
2.334000
2.328000
2.322000
2.316000
2.310000
2.304000
2.298000
2.292000
2.286000
2.280000
2.274000
2.268000
2.262000
2.256000
2.250000
2.244000
2.238000
2.232000
2.226000
2.220000
2.214000
2.208000
2.202000
2.196000
2.190000
2.184000
2.178000
2.172000
2.166000
2.160000
2.154000
2.148000
2.142000
2.136000
2.130000
2.124000
2.118000
2.112000
2.106000
2.100000
2.094000
2.088000
2.082000
2.076000
2.070000
2.064000
2.058000
2.052000
2.046000
2.040000
2.034000
2.028000
2.022000
2.016000
2.010000
2.004000
1.998000
1.992000
1.986000
1.980000
1.974000
1.968000
1.962000
1.956000
1.950000
1.944000
1.938000
1.932000
1.926000
1.920000
1.914000
1.908000
1.902000
1.896000
1.890000
1.884000
1.878000
1.872000
1.866000
1.860000
1.854000
1.848000
1.842000
1.836000
1.830000
1.824000
1.818000
1.812000
1.806000
1.800000
1.794000
1.788000
1.782000
1.776000
1.770000
1.764000
1.758000
1.752000
1.746000
1.740000
1.734000
1.728000
1.722000
1.716000
1.710000
1.704000
1.698000
1.692000
1.686000
1.680000
1.674000
1.668000
1.662000
1.656000
1.650000
1.644000
1.638000
1.632000
1.626000
1.620000
1.614000
1.608000
1.602000
1.596000
1.590000
1.584000
1.578000
1.572000
1.566000
1.560000
1.554000
1.548000
1.542000
1.536000
1.530000
1.524000
1.518000
1.512000
1.506000
1.500000
1.494000
1.488000
1.482000
1.476000
1.470000
1.464000
1.458000
1.452000
1.446000
1.440000
1.434000
1.428000
1.422000
1.416000
1.410000
1.404000
1.398000
1.392000
1.386000
1.380000
1.374000
1.368000
1.362000
1.356000
1.350000
1.344000
1.338000
1.332000
1.326000
1.320000
1.314000
1.308000
1.302000
1.296000
1.290000
1.284000
1.278000
1.272000
1.266000
1.260000
1.254000
1.248000
1.242000
1.236000
1.230000
1.224000
1.218000
1.212000
1.206000
1.200000
1.194000
1.188000
1.182000
1.176000
1.170000
1.164000
1.158000
1.152000
1.146000
1.140000
1.134000
1.128000
1.122000
1.116000
1.110000
1.104000
1.098000
1.092000
1.086000
1.080000
1.074000
1.068000
1.062000
1.056000
1.050000
1.044000
1.038000
1.032000
1.026000
1.020000
1.014000
1.008000
1.002000
0.996000
0.990000
0.984000
0.978000
0.972000
0.966000
0.960000
0.954000
0.948000
0.942000
0.936000
0.930000
0.924000
0.918000
0.912000
0.906000
0.900000
0.894000
0.888000
0.882000
0.876000
0.870000
0.864000
0.858000
0.852000
0.846000
0.840000
0.834000
0.828000
0.822000
0.816000
0.810000
0.804000
0.798000
0.792000
0.786000
0.780000
0.774000
0.768000
0.762000
0.756000
0.750000
0.744000
0.738000
0.732000
0.726000
0.720000
0.714000
0.708000
0.702000
0.696000
0.690000
0.684000
0.678000
0.672000
0.666000
0.660000
0.654000
0.648000
0.642000
0.636000
0.630000
0.624000
0.618000
0.612000
0.606000
0.600000
0.594000
0.588000
0.582000
0.576000
0.570000
0.564000
0.558000
0.552000
0.546000
0.540000
0.534000
0.528000
0.522000
0.516000
0.510000
0.504000
0.498000
0.492000
0.486000
0.480000
0.474000
0.468000
0.462000
0.456000
0.450000
0.444000
0.438000
0.432000
0.426000
0.420000
0.414000
0.408000
0.402000
0.396000
0.390000
0.384000
0.378000
0.372000
0.366000
0.360000
0.354000
0.348000
0.342000
0.336000
0.330000
0.324000
0.318000
0.312000
0.306000
0.300000
0.294000
0.288000
0.282000
0.276000
0.270000
0.264000
0.258000
0.252000
0.246000
0.240000
0.234000
0.228000
0.222000
0.216000
0.210000
0.204000
0.198000
0.192000
0.186000
0.180000
0.174000
0.168000
0.162000
0.156000
0.150000
0.144000
0.138000
0.132000
0.126000
0.120000
0.114000
0.108000
0.102000
0.096000
0.090000
0.084000
0.078000
0.072000
0.066000
0.060000
0.054000
0.048000
0.042000
0.036000
0.030000
0.024000
0.018000
0.012000
0.006000
0.000000
0.006000
0.012000
0.018000
0.024000
0.030000
0.036000
0.042000
0.048000
0.054000
0.060000
0.066000
0.072000
0.078000
0.084000
0.090000
0.096000
0.102000
0.108000
0.114000
0.120000
0.126000
0.132000
0.138000
0.144000
0.150000
0.156000
0.162000
0.168000
0.174000
0.180000
0.186000
0.192000
0.198000
0.204000
0.210000
0.216000
0.222000
0.228000
0.234000
0.240000
0.246000
0.252000
0.258000
0.264000
0.270000
0.276000
0.282000
0.288000
0.294000
0.300000
0.306000
0.312000
0.318000
0.324000
0.330000
0.336000
0.342000
0.348000
0.354000
0.360000
0.366000
0.372000
0.378000
0.384000
0.390000
0.396000
0.402000
0.408000
0.414000
0.420000
0.426000
0.432000
0.438000
0.444000
0.450000
0.456000
0.462000
0.468000
0.474000
0.480000
0.486000
0.492000
0.498000
0.504000
0.510000
0.516000
0.522000
0.528000
0.534000
0.540000
0.546000
0.552000
0.558000
0.564000
0.570000
0.576000
0.582000
0.588000
0.594000
0.600000
0.606000
0.612000
0.618000
0.624000
0.630000
0.636000
0.642000
0.648000
0.654000
0.660000
0.666000
0.672000
0.678000
0.684000
0.690000
0.696000
0.702000
0.708000
0.714000
0.720000
0.726000
0.732000
0.738000
0.744000
0.750000
0.756000
0.762000
0.768000
0.774000
0.780000
0.786000
0.792000
0.798000
0.804000
0.810000
0.816000
0.822000
0.828000
0.834000
0.840000
0.846000
0.852000
0.858000
0.864000
0.870000
0.876000
0.882000
0.888000
0.894000
0.900000
0.906000
0.912000
0.918000
0.924000
0.930000
0.936000
0.942000
0.948000
0.954000
0.960000
0.966000
0.972000
0.978000
0.984000
0.990000
0.996000
1.002000
1.008000
1.014000
1.020000
1.026000
1.032000
1.038000
1.044000
1.050000
1.056000
1.062000
1.068000
1.074000
1.080000
1.086000
1.092000
1.098000
1.104000
1.110000
1.116000
1.122000
1.128000
1.134000
1.140000
1.146000
1.152000
1.158000
1.164000
1.170000
1.176000
1.182000
1.188000
1.194000
1.200000
1.206000
1.212000
1.218000
1.224000
1.230000
1.236000
1.242000
1.248000
1.254000
1.260000
1.266000
1.272000
1.278000
1.284000
1.290000
1.296000
1.302000
1.308000
1.314000
1.320000
1.326000
1.332000
1.338000
1.344000
1.350000
1.356000
1.362000
1.368000
1.374000
1.380000
1.386000
1.392000
1.398000
1.404000
1.410000
1.416000
1.422000
1.428000
1.434000
1.440000
1.446000
1.452000
1.458000
1.464000
1.470000
1.476000
1.482000
1.488000
1.494000
1.500000
1.506000
1.512000
1.518000
1.524000
1.530000
1.536000
1.542000
1.548000
1.554000
1.560000
1.566000
1.572000
1.578000
1.584000
1.590000
1.596000
1.602000
1.608000
1.614000
1.620000
1.626000
1.632000
1.638000
1.644000
1.650000
1.656000
1.662000
1.668000
1.674000
1.680000
1.686000
1.692000
1.698000
1.704000
1.710000
1.716000
1.722000
1.728000
1.734000
1.740000
1.746000
1.752000
1.758000
1.764000
1.770000
1.776000
1.782000
1.788000
1.794000
1.800000
1.806000
1.812000
1.818000
1.824000
1.830000
1.836000
1.842000
1.848000
1.854000
1.860000
1.866000
1.872000
1.878000
1.884000
1.890000
1.896000
1.902000
1.908000
1.914000
1.920000
1.926000
1.932000
1.938000
1.944000
1.950000
1.956000
1.962000
1.968000
1.974000
1.980000
1.986000
1.992000
1.998000
2.004000
2.010000
2.016000
2.022000
2.028000
2.034000
2.040000
2.046000
2.052000
2.058000
2.064000
2.070000
2.076000
2.082000
2.088000
2.094000
2.100000
2.106000
2.112000
2.118000
2.124000
2.130000
2.136000
2.142000
2.148000
2.154000
2.160000
2.166000
2.172000
2.178000
2.184000
2.190000
2.196000
2.202000
2.208000
2.214000
2.220000
2.226000
2.232000
2.238000
2.244000
2.250000
2.256000
2.262000
2.268000
2.274000
2.280000
2.286000
2.292000
2.298000
2.304000
2.310000
2.316000
2.322000
2.328000
2.334000
2.340000
2.346000
2.352000
2.358000
2.364000
2.370000
2.376000
2.382000
2.388000
2.394000
2.400000
2.406000
2.412000
2.418000
2.424000
2.430000
2.436000
2.442000
2.448000
2.454000
2.460000
2.466000
2.472000
2.478000
2.484000
2.490000
2.496000
2.502000
2.508000
2.514000
2.520000
2.526000
2.532000
2.538000
2.544000
2.550000
2.556000
2.562000
2.568000
2.574000
2.580000
2.586000
2.592000
2.598000
2.604000
2.610000
2.616000
2.622000
2.628000
2.634000
2.640000
2.646000
2.652000
2.658000
2.664000
2.670000
2.676000
2.682000
2.688000
2.694000
2.700000
2.706000
2.712000
2.718000
2.724000
2.730000
2.736000
2.742000
2.748000
2.754000
2.760000
2.766000
2.772000
2.778000
2.784000
2.790000
2.796000
2.802000
2.808000
2.814000
2.820000
2.826000
2.832000
2.838000
2.844000
2.850000
2.856000
2.862000
2.868000
2.874000
2.880000
2.886000
2.892000
2.898000
2.904000
2.910000
2.916000
2.922000
2.928000
2.934000
2.940000
2.946000
2.952000
2.958000
2.964000
2.970000
2.976000
2.982000
2.988000
2.994000
3.000000
3.006000
3.012000
3.018000
3.024000
3.030000
3.036000
3.042000
3.048000
3.054000
3.060000
3.066000
3.072000
3.078000
3.084000
3.090000
3.096000
3.102000
3.108000
3.114000
3.120000
3.126000
3.132000
3.138000
3.144000
3.150000
3.156000
3.162000
3.168000
3.174000
3.180000
3.186000
3.192000
3.198000
3.204000
3.210000
3.216000
3.222000
3.228000
3.234000
3.240000
3.246000
3.252000
3.258000
3.264000
3.270000
3.276000
3.282000
3.288000
3.294000
3.300000
3.306000
3.312000
3.318000
3.324000
3.330000
3.336000
3.342000
3.348000
3.354000
3.360000
3.366000
3.372000
3.378000
3.384000
3.390000
3.396000
3.402000
3.408000
3.414000
3.420000
3.426000
3.432000
3.438000
3.444000
3.450000
3.456000
3.462000
3.468000
3.474000
3.480000
3.486000
3.492000
3.498000
3.504000
3.510000
3.516000
3.522000
3.528000
3.534000
3.540000
3.546000
3.552000
3.558000
3.564000
3.570000
3.576000
3.582000
3.588000
3.594000
3.600000
3.606000
3.612000
3.618000
3.624000
3.630000
3.636000
3.642000
3.648000
3.654000
3.660000
3.666000
3.672000
3.678000
3.684000
3.690000
3.696000
3.702000
3.708000
3.714000
3.720000
3.726000
3.732000
3.738000
3.744000
3.750000
3.756000
3.762000
3.768000
3.774000
3.780000
3.786000
3.792000
3.798000
3.804000
3.810000
3.816000
3.822000
3.828000
3.834000
3.840000
3.846000
3.852000
3.858000
3.864000
3.870000
3.876000
3.882000
3.888000
3.894000
3.900000
3.906000
3.912000
3.918000
3.924000
3.930000
3.936000
3.942000
3.948000
3.954000
3.960000
3.966000
3.972000
3.978000
3.984000
3.990000
3.996000
4.002000
4.008000
4.014000
4.020000
4.026000
4.032000
4.038000
4.044000
4.050000
4.056000
4.062000
4.068000
4.074000
4.080000
4.086000
4.092000
4.098000
4.104000
4.110000
4.116000
4.122000
4.128000
4.134000
4.140000
4.146000
4.152000
4.158000
4.164000
4.170000
4.176000
4.182000
4.188000
4.194000
4.200000
4.206000
4.212000
4.218000
4.224000
4.230000
4.236000
4.242000
4.248000
4.254000
4.260000
4.266000
4.272000
4.278000
4.284000
4.290000
4.296000
4.302000
4.308000
4.314000
4.320000
4.326000
4.332000
4.338000
4.344000
4.350000
4.356000
4.362000
4.368000
4.374000
4.380000
4.386000
4.392000
4.398000
4.404000
4.410000
4.416000
4.422000
4.428000
4.434000
4.440000
4.446000
4.452000
4.458000
4.464000
4.470000
4.476000
4.482000
4.488000
4.494000
4.500000
4.506000
4.512000
4.518000
4.524000
4.530000
4.536000
4.542000
4.548000
4.554000
4.560000
4.566000
4.572000
4.578000
4.584000
4.590000
4.596000
4.602000
4.608000
4.614000
4.620000
4.626000
4.632000
4.638000
4.644000
4.650000
4.656000
4.662000
4.668000
4.674000
4.680000
4.686000
4.692000
4.698000
4.704000
4.710000
4.716000
4.722000
4.728000
4.734000
4.740000
4.746000
4.752000
4.758000
4.764000
4.770000
4.776000
4.782000
4.788000
4.794000
4.800000
4.806000
4.812000
4.818000
4.824000
4.830000
4.836000
4.842000
4.848000
4.854000
4.860000
4.866000
4.872000
4.878000
4.884000
4.890000
4.896000
4.902000
4.908000
4.914000
4.920000
4.926000
4.932000
4.938000
4.944000
4.950000
4.956000
4.962000
4.968000
4.974000
4.980000
4.986000
4.992000
4.998000
5.004000
5.010000
5.016000
5.022000
5.028000
5.034000
5.040000
5.046000
5.052000
5.058000
5.064000
5.070000
5.076000
5.082000
5.088000
5.094000
5.100000
5.106000
5.112000
5.118000
5.124000
5.130000
5.136000
5.142000
5.148000
5.154000
5.160000
5.166000
5.172000
5.178000
5.184000
5.190000
5.196000
5.202000
5.208000
5.214000
5.220000
5.226000
5.232000
5.238000
5.244000
5.250000
5.256000
5.262000
5.268000
5.274000
5.280000
5.286000
5.292000
5.298000
5.304000
5.310000
5.316000
5.322000
5.328000
5.334000
5.340000
5.346000
5.352000
5.358000
5.364000
5.370000
5.376000
5.382000
5.388000
5.394000
5.400000
5.406000
5.412000
5.418000
5.424000
5.430000
5.436000
5.442000
5.448000
5.454000
5.460000
5.466000
5.472000
5.478000
5.484000
5.490000
5.496000
5.502000
5.508000
5.514000
5.520000
5.526000
5.532000
5.538000
5.544000
5.550000
5.556000
5.562000
5.568000
5.574000
5.580000
5.586000
5.592000
5.598000
5.604000
5.610000
5.616000
5.622000
5.628000
5.634000
5.640000
5.646000
5.652000
5.658000
5.664000
5.670000
5.676000
5.682000
5.688000
5.694000
5.700000
5.706000
5.712000
5.718000
5.724000
5.730000
5.736000
5.742000
5.748000
5.754000
5.760000
5.766000
5.772000
5.778000
5.784000
5.790000
5.796000
5.802000
5.808000
5.814000
5.820000
5.826000
5.832000
5.838000
5.844000
5.850000
5.856000
5.862000
5.868000
5.874000
5.880000
5.886000
5.892000
5.898000
5.904000
5.910000
5.916000
5.922000
5.928000
5.934000
5.940000
5.946000
5.952000
5.958000
5.964000
5.970000
5.976000
5.982000
5.988000
5.994000
6.000000
6.006000
6.012000
6.018000
6.024000
6.030000
6.036000
6.042000
6.048000
6.054000
6.060000
6.066000
6.072000
6.078000
6.084000
6.090000
6.096000
6.102000
6.108000
6.114000
6.120000
6.126000
6.132000
6.138000
6.144000
6.150000
6.156000
6.162000
6.168000
6.174000
6.180000
6.186000
6.192000
6.198000
6.204000
6.210000
6.216000
6.222000
6.228000
6.234000
6.240000
6.246000
6.252000
6.258000
6.264000
6.270000
6.276000
6.282000
6.288000
6.294000
6.300000
6.306000
6.312000
6.318000
6.324000
6.330000
6.336000
6.342000
6.348000
6.354000
6.360000
6.366000
6.372000
6.378000
6.384000
6.390000
6.396000
6.402000
6.408000
6.414000
6.420000
6.426000
6.432000
6.438000
6.444000
6.450000
6.456000
6.462000
6.468000
6.474000
6.480000
6.486000
6.492000
6.498000
6.504000
6.510000
6.516000
6.522000
6.528000
6.534000
6.540000
6.546000
6.552000
6.558000
6.564000
6.570000
6.576000
6.582000
6.588000
6.594000
6.600000
6.606000
6.612000
6.618000
6.624000
6.630000
6.636000
6.642000
6.648000
6.654000
6.660000
6.666000
6.672000
6.678000
6.684000
6.690000
6.696000
6.702000
6.708000
6.714000
6.720000
6.726000
6.732000
6.738000
6.744000
6.750000
6.756000
6.762000
6.768000
6.774000
6.780000
6.786000
6.792000
6.798000
6.804000
6.810000
6.816000
6.822000
6.828000
6.834000
6.840000
6.846000
6.852000
6.858000
6.864000
6.870000
6.876000
6.882000
6.888000
6.894000
6.900000
6.906000
6.912000
6.918000
6.924000
6.930000
6.936000
6.942000
6.948000
6.954000
6.960000
6.966000
6.972000
6.978000
6.984000
6.990000
6.996000
6.996000
6.990000
6.984000
6.978000
6.972000
6.966000
6.960000
6.954000
6.948000
6.942000
6.936000
6.930000
6.924000
6.918000
6.912000
6.906000
6.900000
6.894000
6.888000
6.882000
6.876000
6.870000
6.864000
6.858000
6.852000
6.846000
6.840000
6.834000
6.828000
6.822000
6.816000
6.810000
6.804000
6.798000
6.792000
6.786000
6.780000
6.774000
6.768000
6.762000
6.756000
6.750000
6.744000
6.738000
6.732000
6.726000
6.720000
6.714000
6.708000
6.702000
6.696000
6.690000
6.684000
6.678000
6.672000
6.666000
6.660000
6.654000
6.648000
6.642000
6.636000
6.630000
6.624000
6.618000
6.612000
6.606000
6.600000
6.594000
6.588000
6.582000
6.576000
6.570000
6.564000
6.558000
6.552000
6.546000
6.540000
6.534000
6.528000
6.522000
6.516000
6.510000
6.504000
6.498000
6.492000
6.486000
6.480000
6.474000
6.468000
6.462000
6.456000
6.450000
6.444000
6.438000
6.432000
6.426000
6.420000
6.414000
6.408000
6.402000
6.396000
6.390000
6.384000
6.378000
6.372000
6.366000
6.360000
6.354000
6.348000
6.342000
6.336000
6.330000
6.324000
6.318000
6.312000
6.306000
6.300000
6.294000
6.288000
6.282000
6.276000
6.270000
6.264000
6.258000
6.252000
6.246000
6.240000
6.234000
6.228000
6.222000
6.216000
6.210000
6.204000
6.198000
6.192000
6.186000
6.180000
6.174000
6.168000
6.162000
6.156000
6.150000
6.144000
6.138000
6.132000
6.126000
6.120000
6.114000
6.108000
6.102000
6.096000
6.090000
6.084000
6.078000
6.072000
6.066000
6.060000
6.054000
6.048000
6.042000
6.036000
6.030000
6.024000
6.018000
6.012000
6.006000
6.000000
5.994000
5.988000
5.982000
5.976000
5.970000
5.964000
5.958000
5.952000
5.946000
5.940000
5.934000
5.928000
5.922000
5.916000
5.910000
5.904000
5.898000
5.892000
5.886000
5.880000
5.874000
5.868000
5.862000
5.856000
5.850000
5.844000
5.838000
5.832000
5.826000
5.820000
5.814000
5.808000
5.802000
5.796000
5.790000
5.784000
5.778000
5.772000
5.766000
5.760000
5.754000
5.748000
5.742000
5.736000
5.730000
5.724000
5.718000
5.712000
5.706000
5.700000
5.694000
5.688000
5.682000
5.676000
5.670000
5.664000
5.658000
5.652000
5.646000
5.640000
5.634000
5.628000
5.622000
5.616000
5.610000
5.604000
5.598000
5.592000
5.586000
5.580000
5.574000
5.568000
5.562000
5.556000
5.550000
5.544000
5.538000
5.532000
5.526000
5.520000
5.514000
5.508000
5.502000
5.496000
5.490000
5.484000
5.478000
5.472000
5.466000
5.460000
5.454000
5.448000
5.442000
5.436000
5.430000
5.424000
5.418000
5.412000
5.406000
5.400000
5.394000
5.388000
5.382000
5.376000
5.370000
5.364000
5.358000
5.352000
5.346000
5.340000
5.334000
5.328000
5.322000
5.316000
5.310000
5.304000
5.298000
5.292000
5.286000
5.280000
5.274000
5.268000
5.262000
5.256000
5.250000
5.244000
5.238000
5.232000
5.226000
5.220000
5.214000
5.208000
5.202000
5.196000
5.190000
5.184000
5.178000
5.172000
5.166000
5.160000
5.154000
5.148000
5.142000
5.136000
5.130000
5.124000
5.118000
5.112000
5.106000
5.100000
5.094000
5.088000
5.082000
5.076000
5.070000
5.064000
5.058000
5.052000
5.046000
5.040000
5.034000
5.028000
5.022000
5.016000
5.010000
5.004000
4.998000
4.992000
4.986000
4.980000
4.974000
4.968000
4.962000
4.956000
4.950000
4.944000
4.938000
4.932000
4.926000
4.920000
4.914000
4.908000
4.902000
4.896000
4.890000
4.884000
4.878000
4.872000
4.866000
4.860000
4.854000
4.848000
4.842000
4.836000
4.830000
4.824000
4.818000
4.812000
4.806000
4.800000
4.794000
4.788000
4.782000
4.776000
4.770000
4.764000
4.758000
4.752000
4.746000
4.740000
4.734000
4.728000
4.722000
4.716000
4.710000
4.704000
4.698000
4.692000
4.686000
4.680000
4.674000
4.668000
4.662000
4.656000
4.650000
4.644000
4.638000
4.632000
4.626000
4.620000
4.614000
4.608000
4.602000
4.596000
4.590000
4.584000
4.578000
4.572000
4.566000
4.560000
4.554000
4.548000
4.542000
4.536000
4.530000
4.524000
4.518000
4.512000
4.506000
4.500000
4.494000
4.488000
4.482000
4.476000
4.470000
4.464000
4.458000
4.452000
4.446000
4.440000
4.434000
4.428000
4.422000
4.416000
4.410000
4.404000
4.398000
4.392000
4.386000
4.380000
4.374000
4.368000
4.362000
4.356000
4.350000
4.344000
4.338000
4.332000
4.326000
4.320000
4.314000
4.308000
4.302000
4.296000
4.290000
4.284000
4.278000
4.272000
4.266000
4.260000
4.254000
4.248000
4.242000
4.236000
4.230000
4.224000
4.218000
4.212000
4.206000
4.200000
4.194000
4.188000
4.182000
4.176000
4.170000
4.164000
4.158000
4.152000
4.146000
4.140000
4.134000
4.128000
4.122000
4.116000
4.110000
4.104000
4.098000
4.092000
4.086000
4.080000
4.074000
4.068000
4.062000
4.056000
4.050000
4.044000
4.038000
4.032000
4.026000
4.020000
4.014000
4.008000
4.002000
3.996000
3.990000
3.984000
3.978000
3.972000
3.966000
3.960000
3.954000
3.948000
3.942000
3.936000
3.930000
3.924000
3.918000
3.912000
3.906000
3.900000
3.894000
3.888000
3.882000
3.876000
3.870000
3.864000
3.858000
3.852000
3.846000
3.840000
3.834000
3.828000
3.822000
3.816000
3.810000
3.804000
3.798000
3.792000
3.786000
3.780000
3.774000
3.768000
3.762000
3.756000
3.750000
3.744000
3.738000
3.732000
3.726000
3.720000
3.714000
3.708000
3.702000
3.696000
3.690000
3.684000
3.678000
3.672000
3.666000
3.660000
3.654000
3.648000
3.642000
3.636000
3.630000
3.624000
3.618000
3.612000
3.606000
3.600000
3.594000
3.588000
3.582000
3.576000
3.570000
3.564000
3.558000
3.552000
3.546000
3.540000
3.534000
3.528000
3.522000
3.516000
3.510000
3.504000
3.498000
3.492000
3.486000
3.480000
3.474000
3.468000
3.462000
3.456000
3.450000
3.444000
3.438000
3.432000
3.426000
3.420000
3.414000
3.408000
3.402000
3.396000
3.390000
3.384000
3.378000
3.372000
3.366000
3.360000
3.354000
3.348000
3.342000
3.336000
3.330000
3.324000
3.318000
3.312000
3.306000
3.300000
3.294000
3.288000
3.282000
3.276000
3.270000
3.264000
3.258000
3.252000
3.246000
3.240000
3.234000
3.228000
3.222000
3.216000
3.210000
3.204000
3.198000
3.192000
3.186000
3.180000
3.174000
3.168000
3.162000
3.156000
3.150000
3.144000
3.138000
3.132000
3.126000
3.120000
3.114000
3.108000
3.102000
3.096000
3.090000
3.084000
3.078000
3.072000
3.066000
3.060000
3.054000
3.048000
3.042000
3.036000
3.030000
3.024000
3.018000
3.012000
3.006000
3.000000
2.994000
2.988000
2.982000
2.976000
2.970000
2.964000
2.958000
2.952000
2.946000
2.940000
2.934000
2.928000
2.922000
2.916000
2.910000
2.904000
2.898000
2.892000
2.886000
2.880000
2.874000
2.868000
2.862000
2.856000
2.850000
2.844000
2.838000
2.832000
2.826000
2.820000
2.814000
2.808000
2.802000
2.796000
2.790000
2.784000
2.778000
2.772000
2.766000
2.760000
2.754000
2.748000
2.742000
2.736000
2.730000
2.724000
2.718000
2.712000
2.706000
2.700000
2.694000
2.688000
2.682000
2.676000
2.670000
2.664000
2.658000
2.652000
2.646000
2.640000
2.634000
2.628000
2.622000
2.616000
2.610000
2.604000
2.598000
2.592000
2.586000
2.580000
2.574000
2.568000
2.562000
2.556000
2.550000
2.544000
2.538000
2.532000
2.526000
2.520000
2.514000
2.508000
2.502000
2.496000
2.490000
2.484000
2.478000
2.472000
2.466000
2.460000
2.454000
2.448000
2.442000
2.436000
2.430000
2.424000
2.418000
2.412000
2.406000
2.400000
2.394000
2.388000
2.382000
2.376000
2.370000
2.364000
2.358000
2.352000
2.346000
2.340000
2.334000
2.328000
2.322000
2.316000
2.310000
2.304000
2.298000
2.292000
2.286000
2.280000
2.274000
2.268000
2.262000
2.256000
2.250000
2.244000
2.238000
2.232000
2.226000
2.220000
2.214000
2.208000
2.202000
2.196000
2.190000
2.184000
2.178000
2.172000
2.166000
2.160000
2.154000
2.148000
2.142000
2.136000
2.130000
2.124000
2.118000
2.112000
2.106000
2.100000
2.094000
2.088000
2.082000
2.076000
2.070000
2.064000
2.058000
2.052000
2.046000
2.040000
2.034000
2.028000
2.022000
2.016000
2.010000
2.004000
1.998000
1.992000
1.986000
1.980000
1.974000
1.968000
1.962000
1.956000
1.950000
1.944000
1.938000
1.932000
1.926000
1.920000
1.914000
1.908000
1.902000
1.896000
1.890000
1.884000
1.878000
1.872000
1.866000
1.860000
1.854000
1.848000
1.842000
1.836000
1.830000
1.824000
1.818000
1.812000
1.806000
1.800000
1.794000
1.788000
1.782000
1.776000
1.770000
1.764000
1.758000
1.752000
1.746000
1.740000
1.734000
1.728000
1.722000
1.716000
1.710000
1.704000
1.698000
1.692000
1.686000
1.680000
1.674000
1.668000
1.662000
1.656000
1.650000
1.644000
1.638000
1.632000
1.626000
1.620000
1.614000
1.608000
1.602000
1.596000
1.590000
1.584000
1.578000
1.572000
1.566000
1.560000
1.554000
1.548000
1.542000
1.536000
1.530000
1.524000
1.518000
1.512000
1.506000
1.500000
1.494000
1.488000
1.482000
1.476000
1.470000
1.464000
1.458000
1.452000
1.446000
1.440000
1.434000
1.428000
1.422000
1.416000
1.410000
1.404000
1.398000
1.392000
1.386000
1.380000
1.374000
1.368000
1.362000
1.356000
1.350000
1.344000
1.338000
1.332000
1.326000
1.320000
1.314000
1.308000
1.302000
1.296000
1.290000
1.284000
1.278000
1.272000
1.266000
1.260000
1.254000
1.248000
1.242000
1.236000
1.230000
1.224000
1.218000
1.212000
1.206000
1.200000
1.194000
1.188000
1.182000
1.176000
1.170000
1.164000
1.158000
1.152000
1.146000
1.140000
1.134000
1.128000
1.122000
1.116000
1.110000
1.104000
1.098000
1.092000
1.086000
1.080000
1.074000
1.068000
1.062000
1.056000
1.050000
1.044000
1.038000
1.032000
1.026000
1.020000
1.014000
1.008000
1.002000
0.996000
0.990000
0.984000
0.978000
0.972000
0.966000
0.960000
0.954000
0.948000
0.942000
0.936000
0.930000
0.924000
0.918000
0.912000
0.906000
0.900000
0.894000
0.888000
0.882000
0.876000
0.870000
0.864000
0.858000
0.852000
0.846000
0.840000
0.834000
0.828000
0.822000
0.816000
0.810000
0.804000
0.798000
0.792000
0.786000
0.780000
0.774000
0.768000
0.762000
0.756000
0.750000
0.744000
0.738000
0.732000
0.726000
0.720000
0.714000
0.708000
0.702000
0.696000
0.690000
0.684000
0.678000
0.672000
0.666000
0.660000
0.654000
0.648000
0.642000
0.636000
0.630000
0.624000
0.618000
0.612000
0.606000
0.600000
0.594000
0.588000
0.582000
0.576000
0.570000
0.564000
0.558000
0.552000
0.546000
0.540000
0.534000
0.528000
0.522000
0.516000
0.510000
0.504000
0.498000
0.492000
0.486000
0.480000
0.474000
0.468000
0.462000
0.456000
0.450000
0.444000
0.438000
0.432000
0.426000
0.420000
0.414000
0.408000
0.402000
0.396000
0.390000
0.384000
0.378000
0.372000
0.366000
0.360000
0.354000
0.348000
0.342000
0.336000
0.330000
0.324000
0.318000
0.312000
0.306000
0.300000
0.294000
0.288000
0.282000
0.276000
0.270000
0.264000
0.258000
0.252000
0.246000
0.240000
0.234000
0.228000
0.222000
0.216000
0.210000
0.204000
0.198000
0.192000
0.186000
0.180000
0.174000
0.168000
0.162000
0.156000
0.150000
0.144000
0.138000
0.132000
0.126000
0.120000
0.114000
0.108000
0.102000
0.096000
0.090000
0.084000
0.078000
0.072000
0.066000
0.060000
0.054000
0.048000
0.042000
0.036000
0.030000
0.024000
0.018000
0.012000
0.006000
0.000000
