2500
0.000000
0.000000
0.000000
0.000000
0.000000
0.000000
0.000000
0.000000
0.000000
0.000001
0.000001
0.000001
0.000001
0.000001
0.000002
0.000002
0.000002
0.000003
0.000003
0.000003
0.000004
0.000004
0.000005
0.000005
0.000006
0.000007
0.000007
0.000008
0.000008
0.000009
0.000010
0.000011
0.000012
0.000012
0.000013
0.000014
0.000015
0.000016
0.000017
0.000018
0.000019
0.000020
0.000021
0.000023
0.000024
0.000025
0.000026
0.000028
0.000029
0.000030
0.000032
0.000033
0.000035
0.000037
0.000038
0.000040
0.000041
0.000043
0.000045
0.000047
0.000049
0.000051
0.000053
0.000054
0.000057
0.000059
0.000061
0.000063
0.000065
0.000067
0.000070
0.000072
0.000075
0.000077
0.000079
0.000082
0.000085
0.000087
0.000090
0.000093
0.000096
0.000098
0.000101
0.000104
0.000107
0.000111
0.000114
0.000117
0.000120
0.000123
0.000127
0.000130
0.000134
0.000137
0.000141
0.000145
0.000148
0.000152
0.000156
0.000160
0.000164
0.000168
0.000172
0.000176
0.000180
0.000185
0.000189
0.000194
0.000198
0.000203
0.000207
0.000212
0.000217
0.000222
0.000227
0.000232
0.000237
0.000242
0.000247
0.000252
0.000258
0.000263
0.000269
0.000275
0.000280
0.000286
0.000292
0.000298
0.000304
0.000310
0.000316
0.000322
0.000329
0.000335
0.000342
0.000348
0.000355
0.000362
0.000369
0.000376
0.000383
0.000390
0.000397
0.000405
0.000412
0.000420
0.000428
0.000435
0.000443
0.000451
0.000459
0.000467
0.000476
0.000484
0.000492
0.000501
0.000510
0.000519
0.000527
0.000536
0.000546
0.000555
0.000564
0.000574
0.000583
0.000593
0.000603
0.000613
0.000623
0.000633
0.000643
0.000654
0.000664
0.000675
0.000686
0.000696
0.000707
0.000719
0.000730
0.000741
0.000753
0.000765
0.000776
0.000788
0.000801
0.000813
0.000825
0.000838
0.000850
0.000863
0.000876
0.000889
0.000902
0.000916
0.000929
0.000943
0.000957
0.000971
0.000985
0.000999
0.001014
0.001028
0.001043
0.001058
0.001073
0.001089
0.001104
0.001120
0.001135
0.001151
0.001167
0.001184
0.001200
0.001217
0.001234
0.001251
0.001268
0.001285
0.001303
0.001320
0.001338
0.001357
0.001375
0.001393
0.001412
0.001431
0.001450
0.001469
0.001489
0.001508
0.001528
0.001548
0.001569
0.001589
0.001610
0.001631
0.001652
0.001673
0.001695
0.001717
0.001739
0.001761
0.001783
0.001806
0.001829
0.001852
0.001876
0.001899
0.001923
0.001947
0.001972
0.001996
0.002021
0.002046
0.002071
0.002097
0.002123
0.002149
0.002175
0.002202
0.002229
0.002256
0.002283
0.002311
0.002339
0.002367
0.002396
0.002425
0.002454
0.002483
0.002513
0.002543
0.002573
0.002603
0.002634
0.002665
0.002697
0.002728
0.002760
0.002793
0.002825
0.002858
0.002891
0.002925
0.002959
0.002993
0.003028
0.003063
0.003098
0.003133
0.003169
0.003205
0.003242
0.003279
0.003316
0.003354
0.003392
0.003430
0.003469
0.003508
0.003547
0.003587
0.003627
0.003668
0.003709
0.003750
0.003791
0.003834
0.003876
0.003919
0.003962
0.004006
0.004050
0.004094
0.004139
0.004184
0.004230
0.004276
0.004323
0.004370
0.004417
0.004465
0.004513
0.004562
0.004611
0.004661
0.004711
0.004761
0.004812
0.004864
0.004916
0.004968
0.005021
0.005075
0.005128
0.005183
0.005238
0.005293
0.005349
0.005405
0.005462
0.005519
0.005577
0.005635
0.005694
0.005754
0.005814
0.005874
0.005935
0.005997
0.006059
0.006122
0.006185
0.006249
0.006313
0.006378
0.006444
0.006510
0.006576
0.006644
0.006712
0.006780
0.006849
0.006919
0.006989
0.007060
0.007132
0.007204
0.007277
0.007351
0.007425
0.007499
0.007575
0.007651
0.007728
0.007805
0.007883
0.007962
0.008042
0.008122
0.008203
0.008285
0.008367
0.008450
0.008534
0.008618
0.008703
0.008789
0.008876
0.008964
0.009052
0.009141
0.009231
0.009321
0.009413
0.009505
0.009598
0.009691
0.009786
0.009881
0.009977
0.010074
0.010172
0.010271
0.010370
0.010471
0.010572
0.010674
0.010777
0.010881
0.010986
0.011092
0.011198
0.011306
0.011414
0.011523
0.011634
0.011745
0.011857
0.011970
0.012084
0.012199
0.012315
0.012432
0.012550
0.012669
0.012789
0.012910
0.013032
0.013155
0.013280
0.013405
0.013531
0.013658
0.013787
0.013916
0.014047
0.014178
0.014311
0.014445
0.014580
0.014716
0.014854
0.014992
0.015132
0.015273
0.015415
0.015558
0.015702
0.015848
0.015994
0.016142
0.016292
0.016442
0.016594
0.016747
0.016901
0.017057
0.017214
0.017372
0.017532
0.017693
0.017855
0.018018
0.018183
0.018350
0.018517
0.018686
0.018857
0.019029
0.019202
0.019377
0.019553
0.019731
0.019910
0.020091
0.020273
0.020456
0.020641
0.020828
0.021016
0.021206
0.021397
0.021590
0.021785
0.021981
0.022179
0.022378
0.022579
0.022782
0.022986
0.023192
0.023400
0.023609
0.023820
0.024033
0.024248
0.024464
0.024682
0.024902
0.025124
0.025347
0.025572
0.025800
0.026029
0.026260
0.026492
0.026727
0.026964
0.027202
0.027443
0.027685
0.027930
0.028176
0.028424
0.028675
0.028927
0.029182
0.029439
0.029697
0.029958
0.030221
0.030486
0.030753
0.031022
0.031294
0.031568
0.031844
0.032122
0.032402
0.032685
0.032970
0.033257
0.033547
0.033839
0.034133
0.034430
0.034729
0.035030
0.035334
0.035641
0.035949
0.036261
0.036574
0.036891
0.037210
0.037531
0.037855
0.038182
0.038511
0.038843
0.039177
0.039515
0.039855
0.040197
0.040543
0.040891
0.041242
0.041596
0.041952
0.042312
0.042674
0.043039
0.043407
0.043778
0.044152
0.044529
0.044909
0.045293
0.045679
0.046068
0.046460
0.046856
0.047254
0.047656
0.048061
0.048469
0.048880
0.049295
0.049713
0.050134
0.050559
0.050987
0.051418
0.051853
0.052291
0.052733
0.053178
0.053627
0.054079
0.054535
0.054994
0.055457
0.055924
0.056394
0.056868
0.057346
0.057828
0.058313
0.058803
0.059296
0.059793
0.060294
0.060799
0.061308
0.061820
0.062337
0.062858
0.063383
0.063912
0.064446
0.064983
0.065525
0.066071
0.066621
0.067176
0.067735
0.068298
0.068866
0.069438
0.070014
0.070596
0.071181
0.071772
0.072366
0.072966
0.073570
0.074179
0.074793
0.075411
0.076034
0.076663
0.077296
0.077934
0.078577
0.079224
0.079877
0.080535
0.081199
0.081867
0.082541
0.083219
0.083903
0.084593
0.085287
0.085987
0.086693
0.087404
0.088120
0.088842
0.089570
0.090303
0.091042
0.091787
0.092537
0.093293
0.094055
0.094823
0.095597
0.096377
0.097163
0.097954
0.098752
0.099557
0.100367
0.101183
0.102006
0.102835
0.103671
0.104513
0.105361
0.106216
0.107078
0.107946
0.108821
0.109702
0.110591
0.111486
0.112388
0.113296
0.114212
0.115135
0.116065
0.117002
0.117946
0.118897
0.119856
0.120822
0.121795
0.122776
0.123764
0.124760
0.125763
0.126774
0.127792
0.128819
0.129853
0.130895
0.131945
0.133003
0.134069
0.135143
0.136225
0.137316
0.138414
0.139521
0.140637
0.141761
0.142893
0.144034
0.145183
0.146342
0.147509
0.148684
0.149869
0.151063
0.152265
0.153477
0.154698
0.155928
0.157167
0.158415
0.159673
0.160941
0.162218
0.163504
0.164800
0.166106
0.167422
0.168747
0.170083
0.171428
0.172784
0.174150
0.175526
0.176912
0.178308
0.179715
0.181133
0.182561
0.184000
0.185449
0.186909
0.188380
0.189862
0.191355
0.192859
0.194375
0.195901
0.197439
0.198989
0.200549
0.202122
0.203706
0.205302
0.206909
0.208529
0.210160
0.211803
0.213459
0.215127
0.216807
0.218499
0.220204
0.221922
0.223652
0.225395
0.227151
0.228919
0.230701
0.232495
0.234303
0.236124
0.237958
0.239806
0.241667
0.243542
0.245431
0.247333
0.249250
0.251180
0.253124
0.255083
0.257055
0.259042
0.261044
0.263060
0.265091
0.267136
0.269196
0.271271
0.273362
0.275467
0.277588
0.279723
0.281875
0.284041
0.286224
0.288422
0.290636
0.292866
0.295112
0.297374
0.299652
0.301947
0.304258
0.306586
0.308930
0.311291
0.313669
0.316064
0.318476
0.320905
0.323352
0.325816
0.328298
0.330797
0.333314
0.335848
0.338401
0.340972
0.343561
0.346168
0.348794
0.351438
0.354101
0.356783
0.359484
0.362204
0.364942
0.367700
0.370478
0.373275
0.376091
0.378927
0.381783
0.384659
0.387555
0.390471
0.393408
0.396365
0.399343
0.402341
0.405360
0.408400
0.411461
0.414543
0.417647
0.420772
0.423918
0.427086
0.430276
0.433488
0.436722
0.439978
0.443257
0.446558
0.449882
0.453228
0.456597
0.459989
0.463404
0.466843
0.470304
0.473790
0.477299
0.480831
0.484388
0.487968
0.491573
0.495202
0.498855
0.502533
0.506236
0.509963
0.513716
0.517493
0.521296
0.525124
0.528978
0.532857
0.536762
0.540693
0.544650
0.548633
0.552642
0.556678
0.560740
0.564830
0.568946
0.573089
0.577259
0.581456
0.585681
0.589933
0.594213
0.598521
0.602857
0.607221
0.611613
0.616033
0.620482
0.624960
0.629466
0.634001
0.638566
0.643159
0.647782
0.652434
0.657116
0.661827
0.666569
0.671340
0.676142
0.680973
0.685836
0.690728
0.695652
0.700606
0.705591
0.710607
0.715654
0.720733
0.725843
0.730984
0.736158
0.741363
0.746600
0.751869
0.757171
0.762505
0.767871
0.773270
0.778701
0.784166
0.789663
0.795194
0.800757
0.806354
0.811985
0.817649
0.823346
0.829078
0.834843
0.840643
0.846476
0.852344
0.858246
0.864183
0.870154
0.876160
0.882201
0.888276
0.894387
0.900533
0.906713
0.912930
0.919181
0.925468
0.931791
0.938149
0.944543
0.950973
0.957439
0.963941
0.970479
0.977053
0.983663
0.990310
0.996993
1.003713
1.010469
1.017261
1.024091
1.030957
1.037860
1.044800
1.051777
1.058791
1.065842
1.072930
1.080055
1.087217
1.094416
1.101653
1.108927
1.116238
1.123587
1.130973
1.138396
1.145857
1.153355
1.160890
1.168463
1.176074
1.183722
1.191407
1.199130
1.206890
1.214688
1.222523
1.230395
1.238305
1.246252
1.254236
1.262258
1.270316
1.278412
1.286545
1.294715
1.302922
1.311166
1.319447
1.327765
1.336119
1.344510
1.352938
1.361401
1.369902
1.378438
1.387011
1.395619
1.404264
1.412944
1.421659
1.430411
1.439197
1.448019
1.456875
1.465767
1.474693
1.483654
1.492648
1.501677
1.510740
1.519837
1.528967
1.538131
1.547327
1.556556
1.565818
1.575112
1.584438
1.593796
1.603186
1.612607
1.622058
1.631541
1.641053
1.650596
1.660168
1.669770
1.679401
1.689061
1.698748
1.708464
1.718208
1.727978
1.737776
1.747599
1.757449
1.767324
1.777225
1.787150
1.797099
1.807073
1.817069
1.827088
1.837130
1.847193
1.857277
1.867383
1.877508
1.887653
1.897817
1.908000
1.918201
1.928419
1.938653
1.948904
1.959170
1.969451
1.979746
1.990054
2.000376
2.010709
2.021053
2.031409
2.041774
2.052148
2.062531
2.072921
2.083318
2.093721
2.104129
2.114542
2.124958
2.135376
2.145797
2.156218
2.166639
2.177059
2.187477
2.197892
2.208303
2.218710
2.229110
2.239504
2.249890
2.260266
2.270633
2.280989
2.291332
2.301662
2.311978
2.322278
2.332561
2.342827
2.353073
2.363299
2.373503
2.383684
2.393841
2.403973
2.414078
2.424156
2.434203
2.444220
2.454205
2.464157
2.474074
2.483954
2.493796
2.503600
2.513362
2.523083
2.532760
2.542391
2.551976
2.561512
2.570999
2.580434
2.589815
2.599142
2.608412
2.617625
2.626777
2.635867
2.644895
2.653857
2.662752
2.671579
2.680335
2.689019
2.697629
2.706163
2.714619
2.722995
2.731290
2.739501
2.747626
2.755664
2.763612
2.771468
2.779231
2.786899
2.794469
2.801939
2.809307
2.816571
2.823730
2.830780
2.837720
2.844547
2.851260
2.857855
2.864332
2.870688
2.876920
2.883026
2.889004
2.894851
2.900567
2.906147
2.911590
2.916893
2.922054
2.927072
2.931942
2.936664
2.941234
2.945651
2.949911
2.954013
2.957954
2.961731
2.965343
2.968787
2.972059
2.975159
2.978083
2.980830
2.983396
2.985779
2.987976
2.989986
2.991806
2.993433
2.994864
2.996099
2.997133
2.997965
2.998592
2.999011
2.999221
2.999219
2.999002
2.998568
2.997915
2.997040
2.995942
2.994616
2.993062
2.991278
2.989259
2.987005
2.984514
2.981782
2.978808
2.975589
2.972124
2.968410
2.964445
2.960227
2.955754
2.951023
2.946034
2.940784
2.935271
2.929493
2.923448
2.917135
2.910551
2.903696
2.896567
2.889162
2.881481
2.873522
2.865282
2.856762
2.847958
2.838871
2.829498
2.819839
2.809893
2.799658
2.789133
2.778318
2.767211
2.755813
2.744121
2.732136
2.719856
2.707282
2.694413
2.681249
2.667789
2.654034
2.639983
2.625636
2.610994
2.596056
2.580824
2.565297
2.549476
2.533361
2.516954
2.500256
2.483266
2.465987
2.448420
2.430565
2.412425
2.394001
2.375295
2.356308
2.337042
2.317500
2.297683
2.277595
2.257238
2.236613
2.215725
2.194576
2.173168
2.151507
2.129593
2.107432
2.085027
2.062382
2.039501
2.016387
1.993046
1.969482
1.945699
1.921703
1.897498
1.873089
1.848483
1.823683
1.798697
1.773531
1.748189
1.722678
1.697006
1.671178
1.645201
1.619083
1.592830
1.566449
1.539950
1.513338
1.486622
1.459811
1.432912
1.405934
1.378885
1.351775
1.324613
1.297408
1.270169
1.242906
1.215629
1.188348
1.161073
1.133815
1.106583
1.079389
1.052244
1.025159
0.998144
0.971213
0.944375
0.917644
0.891030
0.864547
0.838206
0.812019
0.786000
0.760162
0.734516
0.709077
0.683856
0.658869
0.634127
0.609645
0.585436
0.561514
0.537893
0.514586
0.491609
0.468974
0.446697
0.424791
0.403272
0.382152
0.361447
0.341172
0.321340
0.301967
0.283067
0.264654
0.246743
0.229348
0.212485
0.196167
0.180409
0.165225
0.150629
0.136636
0.123260
0.110514
0.098413
0.086971
0.076200
0.066114
0.056726
0.048050
0.040099
0.032884
0.026418
0.020713
0.015782
0.011635
0.008284
0.005740
0.004013
0.003114
0.003053
0.003838
0.005480
0.007987
0.011366
0.015627
0.020776
0.026820
0.033765
0.041618
0.050383
0.060066
0.070669
0.082198
0.094655
0.108042
0.122360
0.137612
0.153796
0.170913
0.188962
0.207940
0.227846
0.248675
0.270424
0.293087
0.316659
0.341134
0.366502
0.392758
0.419890
0.447890
0.476745
0.506445
0.536976
0.568324
0.600476
0.633414
0.667122
0.701584
0.736779
0.772689
0.809293
0.846569
0.884495
0.923047
0.962200
1.001929
1.042207
1.083007
1.124300
1.166055
1.208244
1.250833
1.293791
1.337084
1.380677
1.424535
1.468622
1.512900
1.557331
1.601876
1.646496
1.691149
1.735795
1.780390
1.824893
1.869259
1.913444
1.957403
2.001090
2.044459
2.087465
2.130058
2.172193
2.213820
2.254892
2.295360
2.335175
2.374289
2.412651
2.450214
2.486927
2.522742
2.557610
2.591481
2.624309
2.656043
2.686637
2.716043
2.744214
2.771105
2.796670
2.820864
2.843645
2.864968
2.884793
2.903079
2.919786
2.934877
2.948315
2.960064
2.970092
2.978366
2.984856
2.989534
2.992374
2.993351
2.992442
2.989629
2.984892
2.978217
2.969591
2.959003
2.946445
2.931913
2.915404
2.896919
2.876460
2.854035
2.829654
2.803328
2.775074
2.744910
2.712860
2.678948
2.643204
2.605661
2.566354
2.525323
2.482611
2.438264
2.392333
2.344871
2.295935
2.245585
2.193887
2.140907
2.086716
2.031390
1.975005
1.917643
1.859388
1.800327
1.740552
1.680155
1.619233
1.557886
1.496214
1.434322
1.372316
1.310306
1.248403
1.186718
1.125368
1.064466
1.004131
0.944482
0.885637
0.827716
0.770839
0.715128
0.660702
0.607681
0.556186
0.506334
0.458242
0.412028
0.367804
0.325683
0.285775
0.248186
0.213021
0.180381
0.150362
0.123057
0.098555
0.076941
0.058294
0.042687
0.030190
0.020864
0.014767
0.011948
0.012450
0.016309
0.023555
0.034208
0.048282
0.065782
0.086704
0.111038
0.138763
0.169850
0.204260
0.241946
0.282851
0.326910
0.374047
0.424177
0.477204
0.533027
0.591530
0.652592
0.716080
0.781853
0.849762
0.919647
0.991341
1.064669
1.139448
1.215485
1.292585
1.370540
1.449140
1.528169
1.607402
1.686614
1.765572
1.844042
1.921785
1.998562
2.074130
2.148248
2.220673
2.291163
2.359478
2.425380
2.488637
2.549017
2.606295
2.660253
2.710680
2.757370
2.800129
2.838772
2.873122
2.903018
2.928307
2.948853
2.964531
2.975233
2.980867
2.981355
2.976639
2.966678
2.951448
2.930947
2.905190
2.874214
2.838076
2.796851
2.750640
2.699561
2.643756
2.583385
2.518633
2.449704
2.376821
2.300230
2.220195
2.136999
2.050945
1.962353
1.871557
1.778910
1.684779
1.589542
1.493590
1.397326
1.301160
1.205510
1.110799
1.017454
0.925904
0.836577
0.749901
0.666296
0.586180
0.509959
0.438030
0.370775
0.308565
0.251748
0.200657
0.155600
0.116864
0.084706
0.059358
0.041021
0.029865
0.026025
0.029601
0.040658
0.059221
0.085277
0.118773
0.159615
0.207667
0.262753
0.324654
0.393110
0.467819
0.548440
0.634590
0.725849
0.821760
0.921831
1.025535
1.132317
1.241590
1.352744
1.465145
1.578140
1.691061
1.803227
1.913949
2.022535
2.128293
2.230536
2.328586
2.421779
2.509471
2.591040
2.665895
2.733475
2.793260
2.844768
2.887569
2.921279
2.945573
2.960181
2.964897
2.959581
2.944159
2.918628
2.883058
2.837589
2.782439
2.717899
2.644335
2.562186
2.471962
2.374246
2.269685
2.158993
2.042944
1.922365
1.798138
1.671186
1.542472
1.412993
1.283768
1.155833
1.030234
0.908016
0.790216
0.677854
0.571921
0.473376
0.383128
0.302036
0.230892
0.170419
0.121258
0.083963
0.058992
0.046701
0.047337
0.061036
0.087815
0.127571
0.180078
0.244988
0.321826
0.409998
0.508788
0.617366
0.734790
0.860015
0.991898
1.129212
1.270648
1.414836
1.560350
1.705725
1.849470
1.990084
2.126070
2.255955
2.378301
2.491725
2.594917
2.686651
2.765806
2.831379
2.882499
2.918443
2.938644
2.942704
2.930403
2.901707
2.856771
2.795942
2.719763
2.628969
2.524484
2.407413
2.279036
2.140795
1.994277
1.841206
1.683416
1.522836
1.361465
1.201349
1.044555
0.893146
0.749150
0.614536
0.491183
0.380853
0.285168
0.205575
0.143330
0.099473
0.074806
0.069876
0.084963
0.120066
0.174898
0.248881
0.341149
0.450551
0.575663
0.714802
0.866041
1.027239
1.196062
1.370017
1.546489
1.722772
1.896117
2.063770
2.223018
2.371233
2.505919
2.624752
2.725629
2.806702
2.866421
2.903565
2.917274
2.907068
2.872871
2.815019
2.734264
2.631777
2.509130
2.368284
2.211562
2.041615
1.861384
1.674048
1.482979
1.291678
1.103711
0.922649
0.751993
0.595111
0.455161
0.335033
0.237278
0.164050
0.117057
0.097507
0.106079
0.142892
0.207484
0.298815
0.415268
0.554670
0.714325
0.891056
1.081264
1.280994
1.486012
1.691895
1.894118
2.088158
2.269596
2.434217
2.578115
2.697787
2.790230
2.853021
2.884389
2.883272
2.849368
2.783150
2.685885
2.559616
2.407136
2.231935
2.038130
1.830379
1.613775
1.393728
1.175830
0.965719
0.768930
0.590744
0.436048
0.309185
0.213832
0.152876
0.128320
0.141203
0.191544
0.278323
0.399477
0.551934
0.731676
0.933831
1.152793
1.382368
1.615940
1.846660
2.067641
2.272169
2.453911
2.607115
2.726805
2.808956
2.850641
2.850154
2.807091
2.722402
2.598388
2.438664
2.248071
2.032550
1.798971
1.554926
1.308489
1.067958
0.841573
0.637233
0.462210
0.322879
0.224475
0.170871
0.164413
0.205791
0.293975
0.426212
0.598079
0.803613
1.035487
1.285261
1.543670
1.800959
2.047248
2.272912
2.468967
2.627436
2.741694
2.806767
2.819571
2.779090
2.686461
2.544989
2.360056
2.138953
1.890614
1.625283
1.354104
1.088661
0.840490
0.620569
0.438821
0.303645
0.221505
0.196589
0.230564
0.322433
0.468522
0.662578
0.896003
1.158203
1.437035
1.719362
1.991651
2.240631
2.453943
2.620775
2.732438
2.782851
2.768916
2.690743
2.551729
2.358457
2.120437
1.849677
1.560107
1.266893
0.985645
0.731594
0.518748
0.359099
0.261907
0.233125
0.274979
0.385755
0.559800
0.787750
1.056981
1.352263
1.656590
1.952144
2.221328
2.447835
2.617655
2.719990
2.747988
2.699267
2.576164
2.385709
2.139290
1.852036
1.541936
1.228746
0.932747
0.673429
0.468181
0.331089
0.271909
0.295305
0.400410
0.580752
0.824569
1.115498
1.433615
1.756754
2.062034
2.327479
2.533633
2.665027
2.711415
2.668654
2.539155
2.331861
2.061723
1.748709
1.416389
1.090201
0.795514
0.555638
0.389935
0.312181
0.329333
0.440804
0.638334
0.906483
1.223743
1.564180
1.899510
2.201429
2.444023
2.606048
2.672876
2.637921
2.503404
2.280369
1.987901
1.651601
1.301433
0.969088
0.685124
0.476113
0.362078
0.354454
0.454819
0.654504
0.935194
1.270469
1.628192
1.973526
2.272317
2.494508
2.617251
2.627380
2.522978
2.313833
2.020694
1.673364
1.307785
0.962376
0.674001
0.473980
0.384574
0.416356
0.566781
0.820168
1.149144
1.517452
1.883840
2.206648
2.448577
2.581101
2.587985
2.467473
2.232822
1.911068
1.540090
1.164281
0.829291
0.576453
0.437576
0.430771
0.557869
0.803821
1.138236
1.518930
1.897117
2.223612
2.455272
2.560836
2.525353
2.352552
2.064762
1.700279
1.308476
0.943227
0.655503
0.486159
0.459938
0.581583
0.834718
1.183743
1.578590
1.961745
2.276584
2.475820
2.528804
2.426522
2.183448
1.835836
1.436607
1.047471
0.729447
0.533205
0.490775
0.610001
0.872743
1.237261
1.644544
2.027678
2.322813
2.479933
2.471604
2.298141
1.988150
1.594209
1.184233
0.829907
0.594105
0.519513
0.620540
0.880106
1.252069
1.669057
2.054445
2.336415
2.461515
2.405147
2.176862
1.819265
1.400498
1.001535
0.700588
0.557619
0.602020
0.826074
1.185729
1.608771
2.009027
2.303839
2.431332
2.363801
2.114290
1.734672
1.305369
0.918604
0.658608
0.583015
0.709590
1.011442
1.422110
1.849716
2.197303
2.384920
2.368406
2.150397
1.780683
1.345453
0.947594
0.682421
0.614551
0.761583
1.088817
1.516720
1.939739
2.252154
2.374706
2.275251
1.977948
1.558196
1.124127
0.789020
0.641584
0.721929
1.009855
1.429055
1.866664
2.203333
2.345943
2.253944
1.951747
1.523177
1.088923
0.772837
0.666380
0.801476
1.139996
1.583553
2.001422
2.268891
2.304853
2.097234
1.708061
1.255888
0.880242
0.698544
0.768799
1.070064
1.507547
1.941573
2.231855
2.283176
2.077528
1.681589
1.226193
0.863715
0.717015
0.837036
1.183932
1.639045
2.044638
2.258409
2.204026
1.899557
1.452841
1.024325
0.769770
0.783136
1.060727
1.500673
1.939152
2.210944
2.212142
1.941072
1.500909
1.061651
0.794947
0.806533
1.093037
1.541234
1.971518
2.209450
2.157083
1.834706
1.374684
0.968345
0.786662
0.907478
1.280544
1.746689
2.104654
2.198020
1.984731
1.557832
1.106558
0.833221
0.862019
1.181047
1.645220
2.040802
2.183564
2.005656
1.589778
1.132651
0.852927
0.886141
1.217341
1.685645
2.060845
2.156415
1.923559
1.478304
1.045647
0.846597
0.984383
1.388815
1.849784
2.125203
2.068620
1.709056
1.238568
0.911267
0.905949
1.226617
1.697142
2.056118
2.101927
1.807680
1.339609
0.965252
0.900866
1.184845
1.652108
2.027841
2.088734
1.797416
1.328215
0.965117
0.930195
1.245904
1.717702
2.051691
2.037611
1.683373
1.213778
0.929918
1.015809
1.416556
1.870267
2.077491
1.899760
1.455083
1.042682
0.942771
1.224501
1.694756
2.027750
1.990473
1.608243
1.151073
0.945033
1.138796
1.593071
1.977368
2.009462
1.664829
1.199153
0.961234
1.131166
1.580651
1.966199
1.990464
1.633862
1.174384
0.973530
1.191034
1.654084
1.990925
1.928655
1.517290
1.093850
1.008305
1.332451
1.795330
2.006533
1.786157
1.322076
1.013783
1.129015
1.567750
1.944506
1.925451
1.527009
1.106500
1.044180
1.397278
1.842588
1.969115
1.658847
1.201661
1.028245
1.303477
1.764888
1.968806
1.717452
1.255501
1.036346
1.276876
1.738075
1.957917
1.714375
1.254511
1.048541
1.308757
1.765666
1.942429
1.653107
1.203582
1.072647
1.400883
1.834065
1.901332
1.528936
1.127054
1.141465
1.556171
1.905015
1.793164
1.348014
1.080161
1.298914
1.749961
1.905436
1.582206
1.163688
1.149564
1.556712
1.892421
1.747853
1.300431
1.102463
1.399771
1.820301
1.834608
1.424812
1.113893
1.300977
1.743904
1.866270
1.508118
1.141939
1.253541
1.693415
1.869981
1.544657
1.161021
1.244948
1.680071
1.861770
1.536471
1.162444
1.269256
1.703982
1.842697
1.485685
1.152371
1.329989
1.756282
1.799555
1.396062
1.151834
1.435168
1.814576
1.709869
1.283205
1.195857
1.583111
1.836674
1.556822
1.189232
1.321433
1.739541
1.766333
1.359288
1.186478
1.532082
1.821273
1.571541
1.203998
1.340135
1.746810
1.727333
1.316695
1.227533
1.614084
1.796802
1.454090
1.196274
1.483456
1.797473
1.570559
1.217633
1.384992
1.762330
