5001
0.000000
0.000853
0.003409
0.007666
0.013618
0.021255
0.030568
0.041542
0.054163
0.068411
0.084268
0.101711
0.120714
0.141251
0.163292
0.186806
0.211761
0.238120
0.265845
0.294898
0.325238
0.356820
0.389601
0.423533
0.458568
0.494658
0.531749
0.569790
0.608727
0.648504
0.689065
0.730352
0.772306
0.814868
0.857977
0.901572
0.945591
0.989972
1.034652
1.079566
1.124651
1.169844
1.215079
1.260293
1.305421
1.350400
1.395165
1.439652
1.483799
1.527542
1.570820
1.613572
1.655735
1.697251
1.738060
1.778104
1.817327
1.855673
1.893087
1.929516
1.964909
1.999214
2.032384
2.064371
2.095129
2.124616
2.152788
2.179607
2.205034
2.229032
2.251568
2.272610
2.292127
2.310093
2.326481
2.341268
2.354433
2.365958
2.375826
2.384023
2.390538
2.395360
2.398484
2.399905
2.399621
2.397632
2.393941
2.388554
2.381477
2.372722
2.362300
2.350226
2.336518
2.321195
2.304278
2.285792
2.265764
2.244221
2.221193
2.196715
2.170820
2.143546
2.114931
2.085016
2.053843
2.021457
1.987903
1.953230
1.917486
1.880723
1.842992
1.804348
1.764845
1.724539
1.683488
1.641749
1.599383
1.556450
1.513010
1.469125
1.424858
1.380271
1.335428
1.290392
1.245228
1.200000
1.154772
1.109608
1.064572
1.019729
0.975142
0.930875
0.886990
0.843550
0.800617
0.758251
0.716512
0.675461
0.635155
0.595652
0.557008
0.519277
0.482514
0.446770
0.412097
0.378543
0.346157
0.314984
0.285069
0.256454
0.229180
0.203285
0.178807
0.155779
0.134236
0.114208
0.095722
0.078805
0.063482
0.049774
0.037700
0.027278
0.018523
0.011446
0.006059
0.002368
0.000379
0.000095
0.001516
0.004640
0.009462
0.015977
0.024174
0.034042
0.045567
0.058732
0.073519
0.089907
0.107873
0.127390
0.148432
0.170968
0.194966
0.220393
0.247212
0.275384
0.304871
0.335629
0.367616
0.400786
0.435091
0.470484
0.506913
0.544327
0.582673
0.621896
0.661940
0.702749
0.744265
0.786428
0.829180
0.872458
0.916201
0.960348
1.004835
1.049600
1.094579
1.139707
1.184921
1.230156
1.275349
1.320434
1.365348
1.410028
1.454409
1.498428
1.542023
1.585132
1.627694
1.669648
1.710935
1.751496
1.791273
1.830210
1.868251
1.905342
1.941432
1.976467
2.010399
2.043180
2.074762
2.105102
2.134155
2.161880
2.188239
2.213194
2.236708
2.258749
2.279286
2.298289
2.315732
2.331589
2.345837
2.358458
2.369432
2.378745
2.386382
2.392334
2.396591
2.399147
2.400000
2.399147
2.396591
2.392334
2.386382
2.378745
2.369432
2.358458
2.345837
2.331589
2.315732
2.298289
2.279286
2.258749
2.236708
2.213194
2.188239
2.161880
2.134155
2.105102
2.074762
2.043180
2.010399
1.976467
1.941432
1.905342
1.868251
1.830210
1.791273
1.751496
1.710935
1.669648
1.627694
1.585132
1.542023
1.498428
1.454409
1.410028
1.365348
1.320434
1.275349
1.230156
1.184921
1.139707
1.094579
1.049600
1.004835
0.960348
0.916201
0.872458
0.829180
0.786428
0.744265
0.702749
0.661940
0.621896
0.582673
0.544327
0.506913
0.470484
0.435091
0.400786
0.367616
0.335629
0.304871
0.275384
0.247212
0.220393
0.194966
0.170968
0.148432
0.127390
0.107873
0.089907
0.073519
0.058732
0.045567
0.034042
0.024174
0.015977
0.009462
0.004640
0.001516
0.000095
0.000379
0.002368
0.006059
0.011446
0.018523
0.027278
0.037700
0.049774
0.063482
0.078805
0.095722
0.114208
0.134236
0.155779
0.178807
0.203285
0.229180
0.256454
0.285069
0.314984
0.346157
0.378543
0.412097
0.446770
0.482514
0.519277
0.557008
0.595652
0.635155
0.675461
0.716512
0.758251
0.800617
0.843550
0.886990
0.930875
0.975142
1.019729
1.064572
1.109608
1.154772
1.200000
1.245228
1.290392
1.335428
1.380271
1.424858
1.469125
1.513010
1.556450
1.599383
1.641749
1.683488
1.724539
1.764845
1.804348
1.842992
1.880723
1.917486
1.953230
1.987903
2.021457
2.053843
2.085016
2.114931
2.143546
2.170820
2.196715
2.221193
2.244221
2.265764
2.285792
2.304278
2.321195
2.336518
2.350226
2.362300
2.372722
2.381477
2.388554
2.393941
2.397632
2.399621
2.399905
2.398484
2.395360
2.390538
2.384023
2.375826
2.365958
2.354433
2.341268
2.326481
2.310093
2.292127
2.272610
2.251568
2.229032
2.205034
2.179607
2.152788
2.124616
2.095129
2.064371
2.032384
1.999214
1.964909
1.929516
1.893087
1.855673
1.817327
1.778104
1.738060
1.697251
1.655735
1.613572
1.570820
1.527542
1.483799
1.439652
1.395165
1.350400
1.305421
1.260293
1.215079
1.169844
1.124651
1.079566
1.034652
0.989972
0.945591
0.901572
0.857977
0.814868
0.772306
0.730352
0.689065
0.648504
0.608727
0.569790
0.531749
0.494658
0.458568
0.423533
0.389601
0.356820
0.325238
0.294898
0.265845
0.238120
0.211761
0.186806
0.163292
0.141251
0.120714
0.101711
0.084268
0.068411
0.054163
0.041542
0.030568
0.021255
0.013618
0.007666
0.003409
0.000853
0.000000
0.000853
0.003409
0.007666
0.013618
0.021255
0.030568
0.041542
0.054163
0.068411
0.084268
0.101711
0.120714
0.141251
0.163292
0.186806
0.211761
0.238120
0.265845
0.294898
0.325238
0.356820
0.389601
0.423533
0.458568
0.494658
0.531749
0.569790
0.608727
0.648504
0.689065
0.730352
0.772306
0.814868
0.857977
0.901572
0.945591
0.989972
1.034652
1.079566
1.124651
1.169844
1.215079
1.260293
1.305421
1.350400
1.395165
1.439652
1.483799
1.527542
1.570820
1.613572
1.655735
1.697251
1.738060
1.778104
1.817327
1.855673
1.893087
1.929516
1.964909
1.999214
2.032384
2.064371
2.095129
2.124616
2.152788
2.179607
2.205034
2.229032
2.251568
2.272610
2.292127
2.310093
2.326481
2.341268
2.354433
2.365958
2.375826
2.384023
2.390538
2.395360
2.398484
2.399905
2.399621
2.397632
2.393941
2.388554
2.381477
2.372722
2.362300
2.350226
2.336518
2.321195
2.304278
2.285792
2.265764
2.244221
2.221193
2.196715
2.170820
2.143546
2.114931
2.085016
2.053843
2.021457
1.987903
1.953230
1.917486
1.880723
1.842992
1.804348
1.764845
1.724539
1.683488
1.641749
1.599383
1.556450
1.513010
1.469125
1.424858
1.380271
1.335428
1.290392
1.245228
1.200000
1.154772
1.109608
1.064572
1.019729
0.975142
0.930875
0.886990
0.843550
0.800617
0.758251
0.716512
0.675461
0.635155
0.595652
0.557008
0.519277
0.482514
0.446770
0.412097
0.378543
0.346157
0.314984
0.285069
0.256454
0.229180
0.203285
0.178807
0.155779
0.134236
0.114208
0.095722
0.078805
0.063482
0.049774
0.037700
0.027278
0.018523
0.011446
0.006059
0.002368
0.000379
0.000095
0.001516
0.004640
0.009462
0.015977
0.024174
0.034042
0.045567
0.058732
0.073519
0.089907
0.107873
0.127390
0.148432
0.170968
0.194966
0.220393
0.247212
0.275384
0.304871
0.335629
0.367616
0.400786
0.435091
0.470484
0.506913
0.544327
0.582673
0.621896
0.661940
0.702749
0.744265
0.786428
0.829180
0.872458
0.916201
0.960348
1.004835
1.049600
1.094579
1.139707
1.184921
1.230156
1.275349
1.320434
1.365348
1.410028
1.454409
1.498428
1.542023
1.585132
1.627694
1.669648
1.710935
1.751496
1.791273
1.830210
1.868251
1.905342
1.941432
1.976467
2.010399
2.043180
2.074762
2.105102
2.134155
2.161880
2.188239
2.213194
2.236708
2.258749
2.279286
2.298289
2.315732
2.331589
2.345837
2.358458
2.369432
2.378745
2.386382
2.392334
2.396591
2.399147
2.400000
2.399147
2.396591
2.392334
2.386382
2.378745
2.369432
2.358458
2.345837
2.331589
2.315732
2.298289
2.279286
2.258749
2.236708
2.213194
2.188239
2.161880
2.134155
2.105102
2.074762
2.043180
2.010399
1.976467
1.941432
1.905342
1.868251
1.830210
1.791273
1.751496
1.710935
1.669648
1.627694
1.585132
1.542023
1.498428
1.454409
1.410028
1.365348
1.320434
1.275349
1.230156
1.184921
1.139707
1.094579
1.049600
1.004835
0.960348
0.916201
0.872458
0.829180
0.786428
0.744265
0.702749
0.661940
0.621896
0.582673
0.544327
0.506913
0.470484
0.435091
0.400786
0.367616
0.335629
0.304871
0.275384
0.247212
0.220393
0.194966
0.170968
0.148432
0.127390
0.107873
0.089907
0.073519
0.058732
0.045567
0.034042
0.024174
0.015977
0.009462
0.004640
0.001516
0.000095
0.000379
0.002368
0.006059
0.011446
0.018523
0.027278
0.037700
0.049774
0.063482
0.078805
0.095722
0.114208
0.134236
0.155779
0.178807
0.203285
0.229180
0.256454
0.285069
0.314984
0.346157
0.378543
0.412097
0.446770
0.482514
0.519277
0.557008
0.595652
0.635155
0.675461
0.716512
0.758251
0.800617
0.843550
0.886990
0.930875
0.975142
1.019729
1.064572
1.109608
1.154772
1.200000
1.245228
1.290392
1.335428
1.380271
1.424858
1.469125
1.513010
1.556450
1.599383
1.641749
1.683488
1.724539
1.764845
1.804348
1.842992
1.880723
1.917486
1.953230
1.987903
2.021457
2.053843
2.085016
2.114931
2.143546
2.170820
2.196715
2.221193
2.244221
2.265764
2.285792
2.304278
2.321195
2.336518
2.350226
2.362300
2.372722
2.381477
2.388554
2.393941
2.397632
2.399621
2.399905
2.398484
2.395360
2.390538
2.384023
2.375826
2.365958
2.354433
2.341268
2.326481
2.310093
2.292127
2.272610
2.251568
2.229032
2.205034
2.179607
2.152788
2.124616
2.095129
2.064371
2.032384
1.999214
1.964909
1.929516
1.893087
1.855673
1.817327
1.778104
1.738060
1.697251
1.655735
1.613572
1.570820
1.527542
1.483799
1.439652
1.395165
1.350400
1.305421
1.260293
1.215079
1.169844
1.124651
1.079566
1.034652
0.989972
0.945591
0.901572
0.857977
0.814868
0.772306
0.730352
0.689065
0.648504
0.608727
0.569790
0.531749
0.494658
0.458568
0.423533
0.389601
0.356820
0.325238
0.294898
0.265845
0.238120
0.211761
0.186806
0.163292
0.141251
0.120714
0.101711
0.084268
0.068411
0.054163
0.041542
0.030568
0.021255
0.013618
0.007666
0.003409
0.000853
0.000000
0.000853
0.003409
0.007666
0.013618
0.021255
0.030568
0.041542
0.054163
0.068411
0.084268
0.101711
0.120714
0.141251
0.163292
0.186806
0.211761
0.238120
0.265845
0.294898
0.325238
0.356820
0.389601
0.423533
0.458568
0.494658
0.531749
0.569790
0.608727
0.648504
0.689065
0.730352
0.772306
0.814868
0.857977
0.901572
0.945591
0.989972
1.034652
1.079566
1.124651
1.169844
1.215079
1.260293
1.305421
1.350400
1.395165
1.439652
1.483799
1.527542
1.570820
1.613572
1.655735
1.697251
1.738060
1.778104
1.817327
1.855673
1.893087
1.929516
1.964909
1.999214
2.032384
2.064371
2.095129
2.124616
2.152788
2.179607
2.205034
2.229032
2.251568
2.272610
2.292127
2.310093
2.326481
2.341268
2.354433
2.365958
2.375826
2.384023
2.390538
2.395360
2.398484
2.399905
2.399621
2.397632
2.393941
2.388554
2.381477
2.372722
2.362300
2.350226
2.336518
2.321195
2.304278
2.285792
2.265764
2.244221
2.221193
2.196715
2.170820
2.143546
2.114931
2.085016
2.053843
2.021457
1.987903
1.953230
1.917486
1.880723
1.842992
1.804348
1.764845
1.724539
1.683488
1.641749
1.599383
1.556450
1.513010
1.469125
1.424858
1.380271
1.335428
1.290392
1.245228
1.200000
1.154772
1.109608
1.064572
1.019729
0.975142
0.930875
0.886990
0.843550
0.800617
0.758251
0.716512
0.675461
0.635155
0.595652
0.557008
0.519277
0.482514
0.446770
0.412097
0.378543
0.346157
0.314984
0.285069
0.256454
0.229180
0.203285
0.178807
0.155779
0.134236
0.114208
0.095722
0.078805
0.063482
0.049774
0.037700
0.027278
0.018523
0.011446
0.006059
0.002368
0.000379
0.000095
0.001516
0.004640
0.009462
0.015977
0.024174
0.034042
0.045567
0.058732
0.073519
0.089907
0.107873
0.127390
0.148432
0.170968
0.194966
0.220393
0.247212
0.275384
0.304871
0.335629
0.367616
0.400786
0.435091
0.470484
0.506913
0.544327
0.582673
0.621896
0.661940
0.702749
0.744265
0.786428
0.829180
0.872458
0.916201
0.960348
1.004835
1.049600
1.094579
1.139707
1.184921
1.230156
1.275349
1.320434
1.365348
1.410028
1.454409
1.498428
1.542023
1.585132
1.627694
1.669648
1.710935
1.751496
1.791273
1.830210
1.868251
1.905342
1.941432
1.976467
2.010399
2.043180
2.074762
2.105102
2.134155
2.161880
2.188239
2.213194
2.236708
2.258749
2.279286
2.298289
2.315732
2.331589
2.345837
2.358458
2.369432
2.378745
2.386382
2.392334
2.396591
2.399147
2.400000
2.399147
2.396591
2.392334
2.386382
2.378745
2.369432
2.358458
2.345837
2.331589
2.315732
2.298289
2.279286
2.258749
2.236708
2.213194
2.188239
2.161880
2.134155
2.105102
2.074762
2.043180
2.010399
1.976467
1.941432
1.905342
1.868251
1.830210
1.791273
1.751496
1.710935
1.669648
1.627694
1.585132
1.542023
1.498428
1.454409
1.410028
1.365348
1.320434
1.275349
1.230156
1.184921
1.139707
1.094579
1.049600
1.004835
0.960348
0.916201
0.872458
0.829180
0.786428
0.744265
0.702749
0.661940
0.621896
0.582673
0.544327
0.506913
0.470484
0.435091
0.400786
0.367616
0.335629
0.304871
0.275384
0.247212
0.220393
0.194966
0.170968
0.148432
0.127390
0.107873
0.089907
0.073519
0.058732
0.045567
0.034042
0.024174
0.015977
0.009462
0.004640
0.001516
0.000095
0.000379
0.002368
0.006059
0.011446
0.018523
0.027278
0.037700
0.049774
0.063482
0.078805
0.095722
0.114208
0.134236
0.155779
0.178807
0.203285
0.229180
0.256454
0.285069
0.314984
0.346157
0.378543
0.412097
0.446770
0.482514
0.519277
0.557008
0.595652
0.635155
0.675461
0.716512
0.758251
0.800617
0.843550
0.886990
0.930875
0.975142
1.019729
1.064572
1.109608
1.154772
1.200000
1.245228
1.290392
1.335428
1.380271
1.424858
1.469125
1.513010
1.556450
1.599383
1.641749
1.683488
1.724539
1.764845
1.804348
1.842992
1.880723
1.917486
1.953230
1.987903
2.021457
2.053843
2.085016
2.114931
2.143546
2.170820
2.196715
2.221193
2.244221
2.265764
2.285792
2.304278
2.321195
2.336518
2.350226
2.362300
2.372722
2.381477
2.388554
2.393941
2.397632
2.399621
2.399905
2.398484
2.395360
2.390538
2.384023
2.375826
2.365958
2.354433
2.341268
2.326481
2.310093
2.292127
2.272610
2.251568
2.229032
2.205034
2.179607
2.152788
2.124616
2.095129
2.064371
2.032384
1.999214
1.964909
1.929516
1.893087
1.855673
1.817327
1.778104
1.738060
1.697251
1.655735
1.613572
1.570820
1.527542
1.483799
1.439652
1.395165
1.350400
1.305421
1.260293
1.215079
1.169844
1.124651
1.079566
1.034652
0.989972
0.945591
0.901572
0.857977
0.814868
0.772306
0.730352
0.689065
0.648504
0.608727
0.569790
0.531749
0.494658
0.458568
0.423533
0.389601
0.356820
0.325238
0.294898
0.265845
0.238120
0.211761
0.186806
0.163292
0.141251
0.120714
0.101711
0.084268
0.068411
0.054163
0.041542
0.030568
0.021255
0.013618
0.007666
0.003409
0.000853
0.000000
0.000853
0.003409
0.007666
0.013618
0.021255
0.030568
0.041542
0.054163
0.068411
0.084268
0.101711
0.120714
0.141251
0.163292
0.186806
0.211761
0.238120
0.265845
0.294898
0.325238
0.356820
0.389601
0.423533
0.458568
0.494658
0.531749
0.569790
0.608727
0.648504
0.689065
0.730352
0.772306
0.814868
0.857977
0.901572
0.945591
0.989972
1.034652
1.079566
1.124651
1.169844
1.215079
1.260293
1.305421
1.350400
1.395165
1.439652
1.483799
1.527542
1.570820
1.613572
1.655735
1.697251
1.738060
1.778104
1.817327
1.855673
1.893087
1.929516
1.964909
1.999214
2.032384
2.064371
2.095129
2.124616
2.152788
2.179607
2.205034
2.229032
2.251568
2.272610
2.292127
2.310093
2.326481
2.341268
2.354433
2.365958
2.375826
2.384023
2.390538
2.395360
2.398484
2.399905
2.399621
2.397632
2.393941
2.388554
2.381477
2.372722
2.362300
2.350226
2.336518
2.321195
2.304278
2.285792
2.265764
2.244221
2.221193
2.196715
2.170820
2.143546
2.114931
2.085016
2.053843
2.021457
1.987903
1.953230
1.917486
1.880723
1.842992
1.804348
1.764845
1.724539
1.683488
1.641749
1.599383
1.556450
1.513010
1.469125
1.424858
1.380271
1.335428
1.290392
1.245228
1.200000
1.154772
1.109608
1.064572
1.019729
0.975142
0.930875
0.886990
0.843550
0.800617
0.758251
0.716512
0.675461
0.635155
0.595652
0.557008
0.519277
0.482514
0.446770
0.412097
0.378543
0.346157
0.314984
0.285069
0.256454
0.229180
0.203285
0.178807
0.155779
0.134236
0.114208
0.095722
0.078805
0.063482
0.049774
0.037700
0.027278
0.018523
0.011446
0.006059
0.002368
0.000379
0.000095
0.001516
0.004640
0.009462
0.015977
0.024174
0.034042
0.045567
0.058732
0.073519
0.089907
0.107873
0.127390
0.148432
0.170968
0.194966
0.220393
0.247212
0.275384
0.304871
0.335629
0.367616
0.400786
0.435091
0.470484
0.506913
0.544327
0.582673
0.621896
0.661940
0.702749
0.744265
0.786428
0.829180
0.872458
0.916201
0.960348
1.004835
1.049600
1.094579
1.139707
1.184921
1.230156
1.275349
1.320434
1.365348
1.410028
1.454409
1.498428
1.542023
1.585132
1.627694
1.669648
1.710935
1.751496
1.791273
1.830210
1.868251
1.905342
1.941432
1.976467
2.010399
2.043180
2.074762
2.105102
2.134155
2.161880
2.188239
2.213194
2.236708
2.258749
2.279286
2.298289
2.315732
2.331589
2.345837
2.358458
2.369432
2.378745
2.386382
2.392334
2.396591
2.399147
2.400000
2.399147
2.396591
2.392334
2.386382
2.378745
2.369432
2.358458
2.345837
2.331589
2.315732
2.298289
2.279286
2.258749
2.236708
2.213194
2.188239
2.161880
2.134155
2.105102
2.074762
2.043180
2.010399
1.976467
1.941432
1.905342
1.868251
1.830210
1.791273
1.751496
1.710935
1.669648
1.627694
1.585132
1.542023
1.498428
1.454409
1.410028
1.365348
1.320434
1.275349
1.230156
1.184921
1.139707
1.094579
1.049600
1.004835
0.960348
0.916201
0.872458
0.829180
0.786428
0.744265
0.702749
0.661940
0.621896
0.582673
0.544327
0.506913
0.470484
0.435091
0.400786
0.367616
0.335629
0.304871
0.275384
0.247212
0.220393
0.194966
0.170968
0.148432
0.127390
0.107873
0.089907
0.073519
0.058732
0.045567
0.034042
0.024174
0.015977
0.009462
0.004640
0.001516
0.000095
0.000379
0.002368
0.006059
0.011446
0.018523
0.027278
0.037700
0.049774
0.063482
0.078805
0.095722
0.114208
0.134236
0.155779
0.178807
0.203285
0.229180
0.256454
0.285069
0.314984
0.346157
0.378543
0.412097
0.446770
0.482514
0.519277
0.557008
0.595652
0.635155
0.675461
0.716512
0.758251
0.800617
0.843550
0.886990
0.930875
0.975142
1.019729
1.064572
1.109608
1.154772
1.200000
1.245228
1.290392
1.335428
1.380271
1.424858
1.469125
1.513010
1.556450
1.599383
1.641749
1.683488
1.724539
1.764845
1.804348
1.842992
1.880723
1.917486
1.953230
1.987903
2.021457
2.053843
2.085016
2.114931
2.143546
2.170820
2.196715
2.221193
2.244221
2.265764
2.285792
2.304278
2.321195
2.336518
2.350226
2.362300
2.372722
2.381477
2.388554
2.393941
2.397632
2.399621
2.399905
2.398484
2.395360
2.390538
2.384023
2.375826
2.365958
2.354433
2.341268
2.326481
2.310093
2.292127
2.272610
2.251568
2.229032
2.205034
2.179607
2.152788
2.124616
2.095129
2.064371
2.032384
1.999214
1.964909
1.929516
1.893087
1.855673
1.817327
1.778104
1.738060
1.697251
1.655735
1.613572
1.570820
1.527542
1.483799
1.439652
1.395165
1.350400
1.305421
1.260293
1.215079
1.169844
1.124651
1.079566
1.034652
0.989972
0.945591
0.901572
0.857977
0.814868
0.772306
0.730352
0.689065
0.648504
0.608727
0.569790
0.531749
0.494658
0.458568
0.423533
0.389601
0.356820
0.325238
0.294898
0.265845
0.238120
0.211761
0.186806
0.163292
0.141251
0.120714
0.101711
0.084268
0.068411
0.054163
0.041542
0.030568
0.021255
0.013618
0.007666
0.003409
0.000853
0.000000
0.000853
0.003409
0.007666
0.013618
0.021255
0.030568
0.041542
0.054163
0.068411
0.084268
0.101711
0.120714
0.141251
0.163292
0.186806
0.211761
0.238120
0.265845
0.294898
0.325238
0.356820
0.389601
0.423533
0.458568
0.494658
0.531749
0.569790
0.608727
0.648504
0.689065
0.730352
0.772306
0.814868
0.857977
0.901572
0.945591
0.989972
1.034652
1.079566
1.124651
1.169844
1.215079
1.260293
1.305421
1.350400
1.395165
1.439652
1.483799
1.527542
1.570820
1.613572
1.655735
1.697251
1.738060
1.778104
1.817327
1.855673
1.893087
1.929516
1.964909
1.999214
2.032384
2.064371
2.095129
2.124616
2.152788
2.179607
2.205034
2.229032
2.251568
2.272610
2.292127
2.310093
2.326481
2.341268
2.354433
2.365958
2.375826
2.384023
2.390538
2.395360
2.398484
2.399905
2.399621
2.397632
2.393941
2.388554
2.381477
2.372722
2.362300
2.350226
2.336518
2.321195
2.304278
2.285792
2.265764
2.244221
2.221193
2.196715
2.170820
2.143546
2.114931
2.085016
2.053843
2.021457
1.987903
1.953230
1.917486
1.880723
1.842992
1.804348
1.764845
1.724539
1.683488
1.641749
1.599383
1.556450
1.513010
1.469125
1.424858
1.380271
1.335428
1.290392
1.245228
1.200000
1.154772
1.109608
1.064572
1.019729
0.975142
0.930875
0.886990
0.843550
0.800617
0.758251
0.716512
0.675461
0.635155
0.595652
0.557008
0.519277
0.482514
0.446770
0.412097
0.378543
0.346157
0.314984
0.285069
0.256454
0.229180
0.203285
0.178807
0.155779
0.134236
0.114208
0.095722
0.078805
0.063482
0.049774
0.037700
0.027278
0.018523
0.011446
0.006059
0.002368
0.000379
0.000095
0.001516
0.004640
0.009462
0.015977
0.024174
0.034042
0.045567
0.058732
0.073519
0.089907
0.107873
0.127390
0.148432
0.170968
0.194966
0.220393
0.247212
0.275384
0.304871
0.335629
0.367616
0.400786
0.435091
0.470484
0.506913
0.544327
0.582673
0.621896
0.661940
0.702749
0.744265
0.786428
0.829180
0.872458
0.916201
0.960348
1.004835
1.049600
1.094579
1.139707
1.184921
1.230156
1.275349
1.320434
1.365348
1.410028
1.454409
1.498428
1.542023
1.585132
1.627694
1.669648
1.710935
1.751496
1.791273
1.830210
1.868251
1.905342
1.941432
1.976467
2.010399
2.043180
2.074762
2.105102
2.134155
2.161880
2.188239
2.213194
2.236708
2.258749
2.279286
2.298289
2.315732
2.331589
2.345837
2.358458
2.369432
2.378745
2.386382
2.392334
2.396591
2.399147
2.400000
2.399147
2.396591
2.392334
2.386382
2.378745
2.369432
2.358458
2.345837
2.331589
2.315732
2.298289
2.279286
2.258749
2.236708
2.213194
2.188239
2.161880
2.134155
2.105102
2.074762
2.043180
2.010399
1.976467
1.941432
1.905342
1.868251
1.830210
1.791273
1.751496
1.710935
1.669648
1.627694
1.585132
1.542023
1.498428
1.454409
1.410028
1.365348
1.320434
1.275349
1.230156
1.184921
1.139707
1.094579
1.049600
1.004835
0.960348
0.916201
0.872458
0.829180
0.786428
0.744265
0.702749
0.661940
0.621896
0.582673
0.544327
0.506913
0.470484
0.435091
0.400786
0.367616
0.335629
0.304871
0.275384
0.247212
0.220393
0.194966
0.170968
0.148432
0.127390
0.107873
0.089907
0.073519
0.058732
0.045567
0.034042
0.024174
0.015977
0.009462
0.004640
0.001516
0.000095
0.000379
0.002368
0.006059
0.011446
0.018523
0.027278
0.037700
0.049774
0.063482
0.078805
0.095722
0.114208
0.134236
0.155779
0.178807
0.203285
0.229180
0.256454
0.285069
0.314984
0.346157
0.378543
0.412097
0.446770
0.482514
0.519277
0.557008
0.595652
0.635155
0.675461
0.716512
0.758251
0.800617
0.843550
0.886990
0.930875
0.975142
1.019729
1.064572
1.109608
1.154772
1.200000
1.245228
1.290392
1.335428
1.380271
1.424858
1.469125
1.513010
1.556450
1.599383
1.641749
1.683488
1.724539
1.764845
1.804348
1.842992
1.880723
1.917486
1.953230
1.987903
2.021457
2.053843
2.085016
2.114931
2.143546
2.170820
2.196715
2.221193
2.244221
2.265764
2.285792
2.304278
2.321195
2.336518
2.350226
2.362300
2.372722
2.381477
2.388554
2.393941
2.397632
2.399621
2.399905
2.398484
2.395360
2.390538
2.384023
2.375826
2.365958
2.354433
2.341268
2.326481
2.310093
2.292127
2.272610
2.251568
2.229032
2.205034
2.179607
2.152788
2.124616
2.095129
2.064371
2.032384
1.999214
1.964909
1.929516
1.893087
1.855673
1.817327
1.778104
1.738060
1.697251
1.655735
1.613572
1.570820
1.527542
1.483799
1.439652
1.395165
1.350400
1.305421
1.260293
1.215079
1.169844
1.124651
1.079566
1.034652
0.989972
0.945591
0.901572
0.857977
0.814868
0.772306
0.730352
0.689065
0.648504
0.608727
0.569790
0.531749
0.494658
0.458568
0.423533
0.389601
0.356820
0.325238
0.294898
0.265845
0.238120
0.211761
0.186806
0.163292
0.141251
0.120714
0.101711
0.084268
0.068411
0.054163
0.041542
0.030568
0.021255
0.013618
0.007666
0.003409
0.000853
0.000000
0.000853
0.003409
0.007666
0.013618
0.021255
0.030568
0.041542
0.054163
0.068411
0.084268
0.101711
0.120714
0.141251
0.163292
0.186806
0.211761
0.238120
0.265845
0.294898
0.325238
0.356820
0.389601
0.423533
0.458568
0.494658
0.531749
0.569790
0.608727
0.648504
0.689065
0.730352
0.772306
0.814868
0.857977
0.901572
0.945591
0.989972
1.034652
1.079566
1.124651
1.169844
1.215079
1.260293
1.305421
1.350400
1.395165
1.439652
1.483799
1.527542
1.570820
1.613572
1.655735
1.697251
1.738060
1.778104
1.817327
1.855673
1.893087
1.929516
1.964909
1.999214
2.032384
2.064371
2.095129
2.124616
2.152788
2.179607
2.205034
2.229032
2.251568
2.272610
2.292127
2.310093
2.326481
2.341268
2.354433
2.365958
2.375826
2.384023
2.390538
2.395360
2.398484
2.399905
2.399621
2.397632
2.393941
2.388554
2.381477
2.372722
2.362300
2.350226
2.336518
2.321195
2.304278
2.285792
2.265764
2.244221
2.221193
2.196715
2.170820
2.143546
2.114931
2.085016
2.053843
2.021457
1.987903
1.953230
1.917486
1.880723
1.842992
1.804348
1.764845
1.724539
1.683488
1.641749
1.599383
1.556450
1.513010
1.469125
1.424858
1.380271
1.335428
1.290392
1.245228
1.200000
1.154772
1.109608
1.064572
1.019729
0.975142
0.930875
0.886990
0.843550
0.800617
0.758251
0.716512
0.675461
0.635155
0.595652
0.557008
0.519277
0.482514
0.446770
0.412097
0.378543
0.346157
0.314984
0.285069
0.256454
0.229180
0.203285
0.178807
0.155779
0.134236
0.114208
0.095722
0.078805
0.063482
0.049774
0.037700
0.027278
0.018523
0.011446
0.006059
0.002368
0.000379
0.000095
0.001516
0.004640
0.009462
0.015977
0.024174
0.034042
0.045567
0.058732
0.073519
0.089907
0.107873
0.127390
0.148432
0.170968
0.194966
0.220393
0.247212
0.275384
0.304871
0.335629
0.367616
0.400786
0.435091
0.470484
0.506913
0.544327
0.582673
0.621896
0.661940
0.702749
0.744265
0.786428
0.829180
0.872458
0.916201
0.960348
1.004835
1.049600
1.094579
1.139707
1.184921
1.230156
1.275349
1.320434
1.365348
1.410028
1.454409
1.498428
1.542023
1.585132
1.627694
1.669648
1.710935
1.751496
1.791273
1.830210
1.868251
1.905342
1.941432
1.976467
2.010399
2.043180
2.074762
2.105102
2.134155
2.161880
2.188239
2.213194
2.236708
2.258749
2.279286
2.298289
2.315732
2.331589
2.345837
2.358458
2.369432
2.378745
2.386382
2.392334
2.396591
2.399147
2.400000
2.399147
2.396591
2.392334
2.386382
2.378745
2.369432
2.358458
2.345837
2.331589
2.315732
2.298289
2.279286
2.258749
2.236708
2.213194
2.188239
2.161880
2.134155
2.105102
2.074762
2.043180
2.010399
1.976467
1.941432
1.905342
1.868251
1.830210
1.791273
1.751496
1.710935
1.669648
1.627694
1.585132
1.542023
1.498428
1.454409
1.410028
1.365348
1.320434
1.275349
1.230156
1.184921
1.139707
1.094579
1.049600
1.004835
0.960348
0.916201
0.872458
0.829180
0.786428
0.744265
0.702749
0.661940
0.621896
0.582673
0.544327
0.506913
0.470484
0.435091
0.400786
0.367616
0.335629
0.304871
0.275384
0.247212
0.220393
0.194966
0.170968
0.148432
0.127390
0.107873
0.089907
0.073519
0.058732
0.045567
0.034042
0.024174
0.015977
0.009462
0.004640
0.001516
0.000095
0.000379
0.002368
0.006059
0.011446
0.018523
0.027278
0.037700
0.049774
0.063482
0.078805
0.095722
0.114208
0.134236
0.155779
0.178807
0.203285
0.229180
0.256454
0.285069
0.314984
0.346157
0.378543
0.412097
0.446770
0.482514
0.519277
0.557008
0.595652
0.635155
0.675461
0.716512
0.758251
0.800617
0.843550
0.886990
0.930875
0.975142
1.019729
1.064572
1.109608
1.154772
1.200000
1.245228
1.290392
1.335428
1.380271
1.424858
1.469125
1.513010
1.556450
1.599383
1.641749
1.683488
1.724539
1.764845
1.804348
1.842992
1.880723
1.917486
1.953230
1.987903
2.021457
2.053843
2.085016
2.114931
2.143546
2.170820
2.196715
2.221193
2.244221
2.265764
2.285792
2.304278
2.321195
2.336518
2.350226
2.362300
2.372722
2.381477
2.388554
2.393941
2.397632
2.399621
2.399905
2.398484
2.395360
2.390538
2.384023
2.375826
2.365958
2.354433
2.341268
2.326481
2.310093
2.292127
2.272610
2.251568
2.229032
2.205034
2.179607
2.152788
2.124616
2.095129
2.064371
2.032384
1.999214
1.964909
1.929516
1.893087
1.855673
1.817327
1.778104
1.738060
1.697251
1.655735
1.613572
1.570820
1.527542
1.483799
1.439652
1.395165
1.350400
1.305421
1.260293
1.215079
1.169844
1.124651
1.079566
1.034652
0.989972
0.945591
0.901572
0.857977
0.814868
0.772306
0.730352
0.689065
0.648504
0.608727
0.569790
0.531749
0.494658
0.458568
0.423533
0.389601
0.356820
0.325238
0.294898
0.265845
0.238120
0.211761
0.186806
0.163292
0.141251
0.120714
0.101711
0.084268
0.068411
0.054163
0.041542
0.030568
0.021255
0.013618
0.007666
0.003409
0.000853
0.000000
0.000853
0.003409
0.007666
0.013618
0.021255
0.030568
0.041542
0.054163
0.068411
0.084268
0.101711
0.120714
0.141251
0.163292
0.186806
0.211761
0.238120
0.265845
0.294898
0.325238
0.356820
0.389601
0.423533
0.458568
0.494658
0.531749
0.569790
0.608727
0.648504
0.689065
0.730352
0.772306
0.814868
0.857977
0.901572
0.945591
0.989972
1.034652
1.079566
1.124651
1.169844
1.215079
1.260293
1.305421
1.350400
1.395165
1.439652
1.483799
1.527542
1.570820
1.613572
1.655735
1.697251
1.738060
1.778104
1.817327
1.855673
1.893087
1.929516
1.964909
1.999214
2.032384
2.064371
2.095129
2.124616
2.152788
2.179607
2.205034
2.229032
2.251568
2.272610
2.292127
2.310093
2.326481
2.341268
2.354433
2.365958
2.375826
2.384023
2.390538
2.395360
2.398484
2.399905
2.399621
2.397632
2.393941
2.388554
2.381477
2.372722
2.362300
2.350226
2.336518
2.321195
2.304278
2.285792
2.265764
2.244221
2.221193
2.196715
2.170820
2.143546
2.114931
2.085016
2.053843
2.021457
1.987903
1.953230
1.917486
1.880723
1.842992
1.804348
1.764845
1.724539
1.683488
1.641749
1.599383
1.556450
1.513010
1.469125
1.424858
1.380271
1.335428
1.290392
1.245228
1.200000
1.154772
1.109608
1.064572
1.019729
0.975142
0.930875
0.886990
0.843550
0.800617
0.758251
0.716512
0.675461
0.635155
0.595652
0.557008
0.519277
0.482514
0.446770
0.412097
0.378543
0.346157
0.314984
0.285069
0.256454
0.229180
0.203285
0.178807
0.155779
0.134236
0.114208
0.095722
0.078805
0.063482
0.049774
0.037700
0.027278
0.018523
0.011446
0.006059
0.002368
0.000379
0.000095
0.001516
0.004640
0.009462
0.015977
0.024174
0.034042
0.045567
0.058732
0.073519
0.089907
0.107873
0.127390
0.148432
0.170968
0.194966
0.220393
0.247212
0.275384
0.304871
0.335629
0.367616
0.400786
0.435091
0.470484
0.506913
0.544327
0.582673
0.621896
0.661940
0.702749
0.744265
0.786428
0.829180
0.872458
0.916201
0.960348
1.004835
1.049600
1.094579
1.139707
1.184921
1.230156
1.275349
1.320434
1.365348
1.410028
1.454409
1.498428
1.542023
1.585132
1.627694
1.669648
1.710935
1.751496
1.791273
1.830210
1.868251
1.905342
1.941432
1.976467
2.010399
2.043180
2.074762
2.105102
2.134155
2.161880
2.188239
2.213194
2.236708
2.258749
2.279286
2.298289
2.315732
2.331589
2.345837
2.358458
2.369432
2.378745
2.386382
2.392334
2.396591
2.399147
2.400000
2.399147
2.396591
2.392334
2.386382
2.378745
2.369432
2.358458
2.345837
2.331589
2.315732
2.298289
2.279286
2.258749
2.236708
2.213194
2.188239
2.161880
2.134155
2.105102
2.074762
2.043180
2.010399
1.976467
1.941432
1.905342
1.868251
1.830210
1.791273
1.751496
1.710935
1.669648
1.627694
1.585132
1.542023
1.498428
1.454409
1.410028
1.365348
1.320434
1.275349
1.230156
1.184921
1.139707
1.094579
1.049600
1.004835
0.960348
0.916201
0.872458
0.829180
0.786428
0.744265
0.702749
0.661940
0.621896
0.582673
0.544327
0.506913
0.470484
0.435091
0.400786
0.367616
0.335629
0.304871
0.275384
0.247212
0.220393
0.194966
0.170968
0.148432
0.127390
0.107873
0.089907
0.073519
0.058732
0.045567
0.034042
0.024174
0.015977
0.009462
0.004640
0.001516
0.000095
0.000379
0.002368
0.006059
0.011446
0.018523
0.027278
0.037700
0.049774
0.063482
0.078805
0.095722
0.114208
0.134236
0.155779
0.178807
0.203285
0.229180
0.256454
0.285069
0.314984
0.346157
0.378543
0.412097
0.446770
0.482514
0.519277
0.557008
0.595652
0.635155
0.675461
0.716512
0.758251
0.800617
0.843550
0.886990
0.930875
0.975142
1.019729
1.064572
1.109608
1.154772
1.200000
1.245228
1.290392
1.335428
1.380271
1.424858
1.469125
1.513010
1.556450
1.599383
1.641749
1.683488
1.724539
1.764845
1.804348
1.842992
1.880723
1.917486
1.953230
1.987903
2.021457
2.053843
2.085016
2.114931
2.143546
2.170820
2.196715
2.221193
2.244221
2.265764
2.285792
2.304278
2.321195
2.336518
2.350226
2.362300
2.372722
2.381477
2.388554
2.393941
2.397632
2.399621
2.399905
2.398484
2.395360
2.390538
2.384023
2.375826
2.365958
2.354433
2.341268
2.326481
2.310093
2.292127
2.272610
2.251568
2.229032
2.205034
2.179607
2.152788
2.124616
2.095129
2.064371
2.032384
1.999214
1.964909
1.929516
1.893087
1.855673
1.817327
1.778104
1.738060
1.697251
1.655735
1.613572
1.570820
1.527542
1.483799
1.439652
1.395165
1.350400
1.305421
1.260293
1.215079
1.169844
1.124651
1.079566
1.034652
0.989972
0.945591
0.901572
0.857977
0.814868
0.772306
0.730352
0.689065
0.648504
0.608727
0.569790
0.531749
0.494658
0.458568
0.423533
0.389601
0.356820
0.325238
0.294898
0.265845
0.238120
0.211761
0.186806
0.163292
0.141251
0.120714
0.101711
0.084268
0.068411
0.054163
0.041542
0.030568
0.021255
0.013618
0.007666
0.003409
0.000853
0.000000
0.000853
0.003409
0.007666
0.013618
0.021255
0.030568
0.041542
0.054163
0.068411
0.084268
0.101711
0.120714
0.141251
0.163292
0.186806
0.211761
0.238120
0.265845
0.294898
0.325238
0.356820
0.389601
0.423533
0.458568
0.494658
0.531749
0.569790
0.608727
0.648504
0.689065
0.730352
0.772306
0.814868
0.857977
0.901572
0.945591
0.989972
1.034652
1.079566
1.124651
1.169844
1.215079
1.260293
1.305421
1.350400
1.395165
1.439652
1.483799
1.527542
1.570820
1.613572
1.655735
1.697251
1.738060
1.778104
1.817327
1.855673
1.893087
1.929516
1.964909
1.999214
2.032384
2.064371
2.095129
2.124616
2.152788
2.179607
2.205034
2.229032
2.251568
2.272610
2.292127
2.310093
2.326481
2.341268
2.354433
2.365958
2.375826
2.384023
2.390538
2.395360
2.398484
2.399905
2.399621
2.397632
2.393941
2.388554
2.381477
2.372722
2.362300
2.350226
2.336518
2.321195
2.304278
2.285792
2.265764
2.244221
2.221193
2.196715
2.170820
2.143546
2.114931
2.085016
2.053843
2.021457
1.987903
1.953230
1.917486
1.880723
1.842992
1.804348
1.764845
1.724539
1.683488
1.641749
1.599383
1.556450
1.513010
1.469125
1.424858
1.380271
1.335428
1.290392
1.245228
1.200000
1.154772
1.109608
1.064572
1.019729
0.975142
0.930875
0.886990
0.843550
0.800617
0.758251
0.716512
0.675461
0.635155
0.595652
0.557008
0.519277
0.482514
0.446770
0.412097
0.378543
0.346157
0.314984
0.285069
0.256454
0.229180
0.203285
0.178807
0.155779
0.134236
0.114208
0.095722
0.078805
0.063482
0.049774
0.037700
0.027278
0.018523
0.011446
0.006059
0.002368
0.000379
0.000095
0.001516
0.004640
0.009462
0.015977
0.024174
0.034042
0.045567
0.058732
0.073519
0.089907
0.107873
0.127390
0.148432
0.170968
0.194966
0.220393
0.247212
0.275384
0.304871
0.335629
0.367616
0.400786
0.435091
0.470484
0.506913
0.544327
0.582673
0.621896
0.661940
0.702749
0.744265
0.786428
0.829180
0.872458
0.916201
0.960348
1.004835
1.049600
1.094579
1.139707
1.184921
1.230156
1.275349
1.320434
1.365348
1.410028
1.454409
1.498428
1.542023
1.585132
1.627694
1.669648
1.710935
1.751496
1.791273
1.830210
1.868251
1.905342
1.941432
1.976467
2.010399
2.043180
2.074762
2.105102
2.134155
2.161880
2.188239
2.213194
2.236708
2.258749
2.279286
2.298289
2.315732
2.331589
2.345837
2.358458
2.369432
2.378745
2.386382
2.392334
2.396591
2.399147
2.400000
2.399147
2.396591
2.392334
2.386382
2.378745
2.369432
2.358458
2.345837
2.331589
2.315732
2.298289
2.279286
2.258749
2.236708
2.213194
2.188239
2.161880
2.134155
2.105102
2.074762
2.043180
2.010399
1.976467
1.941432
1.905342
1.868251
1.830210
1.791273
1.751496
1.710935
1.669648
1.627694
1.585132
1.542023
1.498428
1.454409
1.410028
1.365348
1.320434
1.275349
1.230156
1.184921
1.139707
1.094579
1.049600
1.004835
0.960348
0.916201
0.872458
0.829180
0.786428
0.744265
0.702749
0.661940
0.621896
0.582673
0.544327
0.506913
0.470484
0.435091
0.400786
0.367616
0.335629
0.304871
0.275384
0.247212
0.220393
0.194966
0.170968
0.148432
0.127390
0.107873
0.089907
0.073519
0.058732
0.045567
0.034042
0.024174
0.015977
0.009462
0.004640
0.001516
0.000095
0.000379
0.002368
0.006059
0.011446
0.018523
0.027278
0.037700
0.049774
0.063482
0.078805
0.095722
0.114208
0.134236
0.155779
0.178807
0.203285
0.229180
0.256454
0.285069
0.314984
0.346157
0.378543
0.412097
0.446770
0.482514
0.519277
0.557008
0.595652
0.635155
0.675461
0.716512
0.758251
0.800617
0.843550
0.886990
0.930875
0.975142
1.019729
1.064572
1.109608
1.154772
1.200000
1.245228
1.290392
1.335428
1.380271
1.424858
1.469125
1.513010
1.556450
1.599383
1.641749
1.683488
1.724539
1.764845
1.804348
1.842992
1.880723
1.917486
1.953230
1.987903
2.021457
2.053843
2.085016
2.114931
2.143546
2.170820
2.196715
2.221193
2.244221
2.265764
2.285792
2.304278
2.321195
2.336518
2.350226
2.362300
2.372722
2.381477
2.388554
2.393941
2.397632
2.399621
2.399905
2.398484
2.395360
2.390538
2.384023
2.375826
2.365958
2.354433
2.341268
2.326481
2.310093
2.292127
2.272610
2.251568
2.229032
2.205034
2.179607
2.152788
2.124616
2.095129
2.064371
2.032384
1.999214
1.964909
1.929516
1.893087
1.855673
1.817327
1.778104
1.738060
1.697251
1.655735
1.613572
1.570820
1.527542
1.483799
1.439652
1.395165
1.350400
1.305421
1.260293
1.215079
1.169844
1.124651
1.079566
1.034652
0.989972
0.945591
0.901572
0.857977
0.814868
0.772306
0.730352
0.689065
0.648504
0.608727
0.569790
0.531749
0.494658
0.458568
0.423533
0.389601
0.356820
0.325238
0.294898
0.265845
0.238120
0.211761
0.186806
0.163292
0.141251
0.120714
0.101711
0.084268
0.068411
0.054163
0.041542
0.030568
0.021255
0.013618
0.007666
0.003409
0.000853
0.000000
0.000853
0.003409
0.007666
0.013618
0.021255
0.030568
0.041542
0.054163
0.068411
0.084268
0.101711
0.120714
0.141251
0.163292
0.186806
0.211761
0.238120
0.265845
0.294898
0.325238
0.356820
0.389601
0.423533
0.458568
0.494658
0.531749
0.569790
0.608727
0.648504
0.689065
0.730352
0.772306
0.814868
0.857977
0.901572
0.945591
0.989972
1.034652
1.079566
1.124651
1.169844
1.215079
1.260293
1.305421
1.350400
1.395165
1.439652
1.483799
1.527542
1.570820
1.613572
1.655735
1.697251
1.738060
1.778104
1.817327
1.855673
1.893087
1.929516
1.964909
1.999214
2.032384
2.064371
2.095129
2.124616
2.152788
2.179607
2.205034
2.229032
2.251568
2.272610
2.292127
2.310093
2.326481
2.341268
2.354433
2.365958
2.375826
2.384023
2.390538
2.395360
2.398484
2.399905
2.399621
2.397632
2.393941
2.388554
2.381477
2.372722
2.362300
2.350226
2.336518
2.321195
2.304278
2.285792
2.265764
2.244221
2.221193
2.196715
2.170820
2.143546
2.114931
2.085016
2.053843
2.021457
1.987903
1.953230
1.917486
1.880723
1.842992
1.804348
1.764845
1.724539
1.683488
1.641749
1.599383
1.556450
1.513010
1.469125
1.424858
1.380271
1.335428
1.290392
1.245228
1.200000
1.154772
1.109608
1.064572
1.019729
0.975142
0.930875
0.886990
0.843550
0.800617
0.758251
0.716512
0.675461
0.635155
0.595652
0.557008
0.519277
0.482514
0.446770
0.412097
0.378543
0.346157
0.314984
0.285069
0.256454
0.229180
0.203285
0.178807
0.155779
0.134236
0.114208
0.095722
0.078805
0.063482
0.049774
0.037700
0.027278
0.018523
0.011446
0.006059
0.002368
0.000379
0.000095
0.001516
0.004640
0.009462
0.015977
0.024174
0.034042
0.045567
0.058732
0.073519
0.089907
0.107873
0.127390
0.148432
0.170968
0.194966
0.220393
0.247212
0.275384
0.304871
0.335629
0.367616
0.400786
0.435091
0.470484
0.506913
0.544327
0.582673
0.621896
0.661940
0.702749
0.744265
0.786428
0.829180
0.872458
0.916201
0.960348
1.004835
1.049600
1.094579
1.139707
1.184921
1.230156
1.275349
1.320434
1.365348
1.410028
1.454409
1.498428
1.542023
1.585132
1.627694
1.669648
1.710935
1.751496
1.791273
1.830210
1.868251
1.905342
1.941432
1.976467
2.010399
2.043180
2.074762
2.105102
2.134155
2.161880
2.188239
2.213194
2.236708
2.258749
2.279286
2.298289
2.315732
2.331589
2.345837
2.358458
2.369432
2.378745
2.386382
2.392334
2.396591
2.399147
2.400000
2.399147
2.396591
2.392334
2.386382
2.378745
2.369432
2.358458
2.345837
2.331589
2.315732
2.298289
2.279286
2.258749
2.236708
2.213194
2.188239
2.161880
2.134155
2.105102
2.074762
2.043180
2.010399
1.976467
1.941432
1.905342
1.868251
1.830210
1.791273
1.751496
1.710935
1.669648
1.627694
1.585132
1.542023
1.498428
1.454409
1.410028
1.365348
1.320434
1.275349
1.230156
1.184921
1.139707
1.094579
1.049600
1.004835
0.960348
0.916201
0.872458
0.829180
0.786428
0.744265
0.702749
0.661940
0.621896
0.582673
0.544327
0.506913
0.470484
0.435091
0.400786
0.367616
0.335629
0.304871
0.275384
0.247212
0.220393
0.194966
0.170968
0.148432
0.127390
0.107873
0.089907
0.073519
0.058732
0.045567
0.034042
0.024174
0.015977
0.009462
0.004640
0.001516
0.000095
0.000379
0.002368
0.006059
0.011446
0.018523
0.027278
0.037700
0.049774
0.063482
0.078805
0.095722
0.114208
0.134236
0.155779
0.178807
0.203285
0.229180
0.256454
0.285069
0.314984
0.346157
0.378543
0.412097
0.446770
0.482514
0.519277
0.557008
0.595652
0.635155
0.675461
0.716512
0.758251
0.800617
0.843550
0.886990
0.930875
0.975142
1.019729
1.064572
1.109608
1.154772
1.200000
1.245228
1.290392
1.335428
1.380271
1.424858
1.469125
1.513010
1.556450
1.599383
1.641749
1.683488
1.724539
1.764845
1.804348
1.842992
1.880723
1.917486
1.953230
1.987903
2.021457
2.053843
2.085016
2.114931
2.143546
2.170820
2.196715
2.221193
2.244221
2.265764
2.285792
2.304278
2.321195
2.336518
2.350226
2.362300
2.372722
2.381477
2.388554
2.393941
2.397632
2.399621
2.399905
2.398484
2.395360
2.390538
2.384023
2.375826
2.365958
2.354433
2.341268
2.326481
2.310093
2.292127
2.272610
2.251568
2.229032
2.205034
2.179607
2.152788
2.124616
2.095129
2.064371
2.032384
1.999214
1.964909
1.929516
1.893087
1.855673
1.817327
1.778104
1.738060
1.697251
1.655735
1.613572
1.570820
1.527542
1.483799
1.439652
1.395165
1.350400
1.305421
1.260293
1.215079
1.169844
1.124651
1.079566
1.034652
0.989972
0.945591
0.901572
0.857977
0.814868
0.772306
0.730352
0.689065
0.648504
0.608727
0.569790
0.531749
0.494658
0.458568
0.423533
0.389601
0.356820
0.325238
0.294898
0.265845
0.238120
0.211761
0.186806
0.163292
0.141251
0.120714
0.101711
0.084268
0.068411
0.054163
0.041542
0.030568
0.021255
0.013618
0.007666
0.003409
0.000853
0.000000
0.000853
0.003409
0.007666
0.013618
0.021255
0.030568
0.041542
0.054163
0.068411
0.084268
0.101711
0.120714
0.141251
0.163292
0.186806
0.211761
0.238120
0.265845
0.294898
0.325238
0.356820
0.389601
0.423533
0.458568
0.494658
0.531749
0.569790
0.608727
0.648504
0.689065
0.730352
0.772306
0.814868
0.857977
0.901572
0.945591
0.989972
1.034652
1.079566
1.124651
1.169844
1.215079
1.260293
1.305421
1.350400
1.395165
1.439652
1.483799
1.527542
1.570820
1.613572
1.655735
1.697251
1.738060
1.778104
1.817327
1.855673
1.893087
1.929516
1.964909
1.999214
2.032384
2.064371
2.095129
2.124616
2.152788
2.179607
2.205034
2.229032
2.251568
2.272610
2.292127
2.310093
2.326481
2.341268
2.354433
2.365958
2.375826
2.384023
2.390538
2.395360
2.398484
2.399905
2.399621
2.397632
2.393941
2.388554
2.381477
2.372722
2.362300
2.350226
2.336518
2.321195
2.304278
2.285792
2.265764
2.244221
2.221193
2.196715
2.170820
2.143546
2.114931
2.085016
2.053843
2.021457
1.987903
1.953230
1.917486
1.880723
1.842992
1.804348
1.764845
1.724539
1.683488
1.641749
1.599383
1.556450
1.513010
1.469125
1.424858
1.380271
1.335428
1.290392
1.245228
1.200000
1.154772
1.109608
1.064572
1.019729
0.975142
0.930875
0.886990
0.843550
0.800617
0.758251
0.716512
0.675461
0.635155
0.595652
0.557008
0.519277
0.482514
0.446770
0.412097
0.378543
0.346157
0.314984
0.285069
0.256454
0.229180
0.203285
0.178807
0.155779
0.134236
0.114208
0.095722
0.078805
0.063482
0.049774
0.037700
0.027278
0.018523
0.011446
0.006059
0.002368
0.000379
0.000095
0.001516
0.004640
0.009462
0.015977
0.024174
0.034042
0.045567
0.058732
0.073519
0.089907
0.107873
0.127390
0.148432
0.170968
0.194966
0.220393
0.247212
0.275384
0.304871
0.335629
0.367616
0.400786
0.435091
0.470484
0.506913
0.544327
0.582673
0.621896
0.661940
0.702749
0.744265
0.786428
0.829180
0.872458
0.916201
0.960348
1.004835
1.049600
1.094579
1.139707
1.184921
1.230156
1.275349
1.320434
1.365348
1.410028
1.454409
1.498428
1.542023
1.585132
1.627694
1.669648
1.710935
1.751496
1.791273
1.830210
1.868251
1.905342
1.941432
1.976467
2.010399
2.043180
2.074762
2.105102
2.134155
2.161880
2.188239
2.213194
2.236708
2.258749
2.279286
2.298289
2.315732
2.331589
2.345837
2.358458
2.369432
2.378745
2.386382
2.392334
2.396591
2.399147
2.400000
2.399147
2.396591
2.392334
2.386382
2.378745
2.369432
2.358458
2.345837
2.331589
2.315732
2.298289
2.279286
2.258749
2.236708
2.213194
2.188239
2.161880
2.134155
2.105102
2.074762
2.043180
2.010399
1.976467
1.941432
1.905342
1.868251
1.830210
1.791273
1.751496
1.710935
1.669648
1.627694
1.585132
1.542023
1.498428
1.454409
1.410028
1.365348
1.320434
1.275349
1.230156
1.184921
1.139707
1.094579
1.049600
1.004835
0.960348
0.916201
0.872458
0.829180
0.786428
0.744265
0.702749
0.661940
0.621896
0.582673
0.544327
0.506913
0.470484
0.435091
0.400786
0.367616
0.335629
0.304871
0.275384
0.247212
0.220393
0.194966
0.170968
0.148432
0.127390
0.107873
0.089907
0.073519
0.058732
0.045567
0.034042
0.024174
0.015977
0.009462
0.004640
0.001516
0.000095
0.000379
0.002368
0.006059
0.011446
0.018523
0.027278
0.037700
0.049774
0.063482
0.078805
0.095722
0.114208
0.134236
0.155779
0.178807
0.203285
0.229180
0.256454
0.285069
0.314984
0.346157
0.378543
0.412097
0.446770
0.482514
0.519277
0.557008
0.595652
0.635155
0.675461
0.716512
0.758251
0.800617
0.843550
0.886990
0.930875
0.975142
1.019729
1.064572
1.109608
1.154772
1.200000
1.245228
1.290392
1.335428
1.380271
1.424858
1.469125
1.513010
1.556450
1.599383
1.641749
1.683488
1.724539
1.764845
1.804348
1.842992
1.880723
1.917486
1.953230
1.987903
2.021457
2.053843
2.085016
2.114931
2.143546
2.170820
2.196715
2.221193
2.244221
2.265764
2.285792
2.304278
2.321195
2.336518
2.350226
2.362300
2.372722
2.381477
2.388554
2.393941
2.397632
2.399621
2.399905
2.398484
2.395360
2.390538
2.384023
2.375826
2.365958
2.354433
2.341268
2.326481
2.310093
2.292127
2.272610
2.251568
2.229032
2.205034
2.179607
2.152788
2.124616
2.095129
2.064371
2.032384
1.999214
1.964909
1.929516
1.893087
1.855673
1.817327
1.778104
1.738060
1.697251
1.655735
1.613572
1.570820
1.527542
1.483799
1.439652
1.395165
1.350400
1.305421
1.260293
1.215079
1.169844
1.124651
1.079566
1.034652
0.989972
0.945591
0.901572
0.857977
0.814868
0.772306
0.730352
0.689065
0.648504
0.608727
0.569790
0.531749
0.494658
0.458568
0.423533
0.389601
0.356820
0.325238
0.294898
0.265845
0.238120
0.211761
0.186806
0.163292
0.141251
0.120714
0.101711
0.084268
0.068411
0.054163
0.041542
0.030568
0.021255
0.013618
0.007666
0.003409
0.000853
0.000000
