5001
0.000000
0.003409
0.013618
0.030568
0.054163
0.084268
0.120714
0.163292
0.211761
0.265845
0.325238
0.389601
0.458568
0.531749
0.608727
0.689065
0.772306
0.857977
0.945591
1.034652
1.124651
1.215079
1.305421
1.395165
1.483799
1.570820
1.655735
1.738060
1.817327
1.893087
1.964909
2.032384
2.095129
2.152788
2.205034
2.251568
2.292127
2.326481
2.354433
2.375826
2.390538
2.398484
2.399621
2.393941
2.381477
2.362300
2.336518
2.304278
2.265764
2.221193
2.170820
2.114931
2.053843
1.987903
1.917486
1.842992
1.764845
1.683488
1.599383
1.513010
1.424858
1.335428
1.245228
1.154772
1.064572
0.975142
0.886990
0.800617
0.716512
0.635155
0.557008
0.482514
0.412097
0.346157
0.285069
0.229180
0.178807
0.134236
0.095722
0.063482
0.037700
0.018523
0.006059
0.000379
0.001516
0.009462
0.024174
0.045567
0.073519
0.107873
0.148432
0.194966
0.247212
0.304871
0.367616
0.435091
0.506913
0.582673
0.661940
0.744265
0.829180
0.916201
1.004835
1.094579
1.184921
1.275349
1.365348
1.454409
1.542023
1.627694
1.710935
1.791273
1.868251
1.941432
2.010399
2.074762
2.134155
2.188239
2.236708
2.279286
2.315732
2.345837
2.369432
2.386382
2.396591
2.400000
2.396591
2.386382
2.369432
2.345837
2.315732
2.279286
2.236708
2.188239
2.134155
2.074762
2.010399
1.941432
1.868251
1.791273
1.710935
1.627694
1.542023
1.454409
1.365348
1.275349
1.184921
1.094579
1.004835
0.916201
0.829180
0.744265
0.661940
0.582673
0.506913
0.435091
0.367616
0.304871
0.247212
0.194966
0.148432
0.107873
0.073519
0.045567
0.024174
0.009462
0.001516
0.000379
0.006059
0.018523
0.037700
0.063482
0.095722
0.134236
0.178807
0.229180
0.285069
0.346157
0.412097
0.482514
0.557008
0.635155
0.716512
0.800617
0.886990
0.975142
1.064572
1.154772
1.245228
1.335428
1.424858
1.513010
1.599383
1.683488
1.764845
1.842992
1.917486
1.987903
2.053843
2.114931
2.170820
2.221193
2.265764
2.304278
2.336518
2.362300
2.381477
2.393941
2.399621
2.398484
2.390538
2.375826
2.354433
2.326481
2.292127
2.251568
2.205034
2.152788
2.095129
2.032384
1.964909
1.893087
1.817327
1.738060
1.655735
1.570820
1.483799
1.395165
1.305421
1.215079
1.124651
1.034652
0.945591
0.857977
0.772306
0.689065
0.608727
0.531749
0.458568
0.389601
0.325238
0.265845
0.211761
0.163292
0.120714
0.084268
0.054163
0.030568
0.013618
0.003409
0.000000
0.003409
0.013618
0.030568
0.054163
0.084268
0.120714
0.163292
0.211761
0.265845
0.325238
0.389601
0.458568
0.531749
0.608727
0.689065
0.772306
0.857977
0.945591
1.034652
1.124651
1.215079
1.305421
1.395165
1.483799
1.570820
1.655735
1.738060
1.817327
1.893087
1.964909
2.032384
2.095129
2.152788
2.205034
2.251568
2.292127
2.326481
2.354433
2.375826
2.390538
2.398484
2.399621
2.393941
2.381477
2.362300
2.336518
2.304278
2.265764
2.221193
2.170820
2.114931
2.053843
1.987903
1.917486
1.842992
1.764845
1.683488
1.599383
1.513010
1.424858
1.335428
1.245228
1.154772
1.064572
0.975142
0.886990
0.800617
0.716512
0.635155
0.557008
0.482514
0.412097
0.346157
0.285069
0.229180
0.178807
0.134236
0.095722
0.063482
0.037700
0.018523
0.006059
0.000379
0.001516
0.009462
0.024174
0.045567
0.073519
0.107873
0.148432
0.194966
0.247212
0.304871
0.367616
0.435091
0.506913
0.582673
0.661940
0.744265
0.829180
0.916201
1.004835
1.094579
1.184921
1.275349
1.365348
1.454409
1.542023
1.627694
1.710935
1.791273
1.868251
1.941432
2.010399
2.074762
2.134155
2.188239
2.236708
2.279286
2.315732
2.345837
2.369432
2.386382
2.396591
2.400000
2.396591
2.386382
2.369432
2.345837
2.315732
2.279286
2.236708
2.188239
2.134155
2.074762
2.010399
1.941432
1.868251
1.791273
1.710935
1.627694
1.542023
1.454409
1.365348
1.275349
1.184921
1.094579
1.004835
0.916201
0.829180
0.744265
0.661940
0.582673
0.506913
0.435091
0.367616
0.304871
0.247212
0.194966
0.148432
0.107873
0.073519
0.045567
0.024174
0.009462
0.001516
0.000379
0.006059
0.018523
0.037700
0.063482
0.095722
0.134236
0.178807
0.229180
0.285069
0.346157
0.412097
0.482514
0.557008
0.635155
0.716512
0.800617
0.886990
0.975142
1.064572
1.154772
1.245228
1.335428
1.424858
1.513010
1.599383
1.683488
1.764845
1.842992
1.917486
1.987903
2.053843
2.114931
2.170820
2.221193
2.265764
2.304278
2.336518
2.362300
2.381477
2.393941
2.399621
2.398484
2.390538
2.375826
2.354433
2.326481
2.292127
2.251568
2.205034
2.152788
2.095129
2.032384
1.964909
1.893087
1.817327
1.738060
1.655735
1.570820
1.483799
1.395165
1.305421
1.215079
1.124651
1.034652
0.945591
0.857977
0.772306
0.689065
0.608727
0.531749
0.458568
0.389601
0.325238
0.265845
0.211761
0.163292
0.120714
0.084268
0.054163
0.030568
0.013618
0.003409
0.000000
0.003409
0.013618
0.030568
0.054163
0.084268
0.120714
0.163292
0.211761
0.265845
0.325238
0.389601
0.458568
0.531749
0.608727
0.689065
0.772306
0.857977
0.945591
1.034652
1.124651
1.215079
1.305421
1.395165
1.483799
1.570820
1.655735
1.738060
1.817327
1.893087
1.964909
2.032384
2.095129
2.152788
2.205034
2.251568
2.292127
2.326481
2.354433
2.375826
2.390538
2.398484
2.399621
2.393941
2.381477
2.362300
2.336518
2.304278
2.265764
2.221193
2.170820
2.114931
2.053843
1.987903
1.917486
1.842992
1.764845
1.683488
1.599383
1.513010
1.424858
1.335428
1.245228
1.154772
1.064572
0.975142
0.886990
0.800617
0.716512
0.635155
0.557008
0.482514
0.412097
0.346157
0.285069
0.229180
0.178807
0.134236
0.095722
0.063482
0.037700
0.018523
0.006059
0.000379
0.001516
0.009462
0.024174
0.045567
0.073519
0.107873
0.148432
0.194966
0.247212
0.304871
0.367616
0.435091
0.506913
0.582673
0.661940
0.744265
0.829180
0.916201
1.004835
1.094579
1.184921
1.275349
1.365348
1.454409
1.542023
1.627694
1.710935
1.791273
1.868251
1.941432
2.010399
2.074762
2.134155
2.188239
2.236708
2.279286
2.315732
2.345837
2.369432
2.386382
2.396591
2.400000
2.396591
2.386382
2.369432
2.345837
2.315732
2.279286
2.236708
2.188239
2.134155
2.074762
2.010399
1.941432
1.868251
1.791273
1.710935
1.627694
1.542023
1.454409
1.365348
1.275349
1.184921
1.094579
1.004835
0.916201
0.829180
0.744265
0.661940
0.582673
0.506913
0.435091
0.367616
0.304871
0.247212
0.194966
0.148432
0.107873
0.073519
0.045567
0.024174
0.009462
0.001516
0.000379
0.006059
0.018523
0.037700
0.063482
0.095722
0.134236
0.178807
0.229180
0.285069
0.346157
0.412097
0.482514
0.557008
0.635155
0.716512
0.800617
0.886990
0.975142
1.064572
1.154772
1.245228
1.335428
1.424858
1.513010
1.599383
1.683488
1.764845
1.842992
1.917486
1.987903
2.053843
2.114931
2.170820
2.221193
2.265764
2.304278
2.336518
2.362300
2.381477
2.393941
2.399621
2.398484
2.390538
2.375826
2.354433
2.326481
2.292127
2.251568
2.205034
2.152788
2.095129
2.032384
1.964909
1.893087
1.817327
1.738060
1.655735
1.570820
1.483799
1.395165
1.305421
1.215079
1.124651
1.034652
0.945591
0.857977
0.772306
0.689065
0.608727
0.531749
0.458568
0.389601
0.325238
0.265845
0.211761
0.163292
0.120714
0.084268
0.054163
0.030568
0.013618
0.003409
0.000000
0.003409
0.013618
0.030568
0.054163
0.084268
0.120714
0.163292
0.211761
0.265845
0.325238
0.389601
0.458568
0.531749
0.608727
0.689065
0.772306
0.857977
0.945591
1.034652
1.124651
1.215079
1.305421
1.395165
1.483799
1.570820
1.655735
1.738060
1.817327
1.893087
1.964909
2.032384
2.095129
2.152788
2.205034
2.251568
2.292127
2.326481
2.354433
2.375826
2.390538
2.398484
2.399621
2.393941
2.381477
2.362300
2.336518
2.304278
2.265764
2.221193
2.170820
2.114931
2.053843
1.987903
1.917486
1.842992
1.764845
1.683488
1.599383
1.513010
1.424858
1.335428
1.245228
1.154772
1.064572
0.975142
0.886990
0.800617
0.716512
0.635155
0.557008
0.482514
0.412097
0.346157
0.285069
0.229180
0.178807
0.134236
0.095722
0.063482
0.037700
0.018523
0.006059
0.000379
0.001516
0.009462
0.024174
0.045567
0.073519
0.107873
0.148432
0.194966
0.247212
0.304871
0.367616
0.435091
0.506913
0.582673
0.661940
0.744265
0.829180
0.916201
1.004835
1.094579
1.184921
1.275349
1.365348
1.454409
1.542023
1.627694
1.710935
1.791273
1.868251
1.941432
2.010399
2.074762
2.134155
2.188239
2.236708
2.279286
2.315732
2.345837
2.369432
2.386382
2.396591
2.400000
2.396591
2.386382
2.369432
2.345837
2.315732
2.279286
2.236708
2.188239
2.134155
2.074762
2.010399
1.941432
1.868251
1.791273
1.710935
1.627694
1.542023
1.454409
1.365348
1.275349
1.184921
1.094579
1.004835
0.916201
0.829180
0.744265
0.661940
0.582673
0.506913
0.435091
0.367616
0.304871
0.247212
0.194966
0.148432
0.107873
0.073519
0.045567
0.024174
0.009462
0.001516
0.000379
0.006059
0.018523
0.037700
0.063482
0.095722
0.134236
0.178807
0.229180
0.285069
0.346157
0.412097
0.482514
0.557008
0.635155
0.716512
0.800617
0.886990
0.975142
1.064572
1.154772
1.245228
1.335428
1.424858
1.513010
1.599383
1.683488
1.764845
1.842992
1.917486
1.987903
2.053843
2.114931
2.170820
2.221193
2.265764
2.304278
2.336518
2.362300
2.381477
2.393941
2.399621
2.398484
2.390538
2.375826
2.354433
2.326481
2.292127
2.251568
2.205034
2.152788
2.095129
2.032384
1.964909
1.893087
1.817327
1.738060
1.655735
1.570820
1.483799
1.395165
1.305421
1.215079
1.124651
1.034652
0.945591
0.857977
0.772306
0.689065
0.608727
0.531749
0.458568
0.389601
0.325238
0.265845
0.211761
0.163292
0.120714
0.084268
0.054163
0.030568
0.013618
0.003409
0.000000
0.003409
0.013618
0.030568
0.054163
0.084268
0.120714
0.163292
0.211761
0.265845
0.325238
0.389601
0.458568
0.531749
0.608727
0.689065
0.772306
0.857977
0.945591
1.034652
1.124651
1.215079
1.305421
1.395165
1.483799
1.570820
1.655735
1.738060
1.817327
1.893087
1.964909
2.032384
2.095129
2.152788
2.205034
2.251568
2.292127
2.326481
2.354433
2.375826
2.390538
2.398484
2.399621
2.393941
2.381477
2.362300
2.336518
2.304278
2.265764
2.221193
2.170820
2.114931
2.053843
1.987903
1.917486
1.842992
1.764845
1.683488
1.599383
1.513010
1.424858
1.335428
1.245228
1.154772
1.064572
0.975142
0.886990
0.800617
0.716512
0.635155
0.557008
0.482514
0.412097
0.346157
0.285069
0.229180
0.178807
0.134236
0.095722
0.063482
0.037700
0.018523
0.006059
0.000379
0.001516
0.009462
0.024174
0.045567
0.073519
0.107873
0.148432
0.194966
0.247212
0.304871
0.367616
0.435091
0.506913
0.582673
0.661940
0.744265
0.829180
0.916201
1.004835
1.094579
1.184921
1.275349
1.365348
1.454409
1.542023
1.627694
1.710935
1.791273
1.868251
1.941432
2.010399
2.074762
2.134155
2.188239
2.236708
2.279286
2.315732
2.345837
2.369432
2.386382
2.396591
2.400000
2.396591
2.386382
2.369432
2.345837
2.315732
2.279286
2.236708
2.188239
2.134155
2.074762
2.010399
1.941432
1.868251
1.791273
1.710935
1.627694
1.542023
1.454409
1.365348
1.275349
1.184921
1.094579
1.004835
0.916201
0.829180
0.744265
0.661940
0.582673
0.506913
0.435091
0.367616
0.304871
0.247212
0.194966
0.148432
0.107873
0.073519
0.045567
0.024174
0.009462
0.001516
0.000379
0.006059
0.018523
0.037700
0.063482
0.095722
0.134236
0.178807
0.229180
0.285069
0.346157
0.412097
0.482514
0.557008
0.635155
0.716512
0.800617
0.886990
0.975142
1.064572
1.154772
1.245228
1.335428
1.424858
1.513010
1.599383
1.683488
1.764845
1.842992
1.917486
1.987903
2.053843
2.114931
2.170820
2.221193
2.265764
2.304278
2.336518
2.362300
2.381477
2.393941
2.399621
2.398484
2.390538
2.375826
2.354433
2.326481
2.292127
2.251568
2.205034
2.152788
2.095129
2.032384
1.964909
1.893087
1.817327
1.738060
1.655735
1.570820
1.483799
1.395165
1.305421
1.215079
1.124651
1.034652
0.945591
0.857977
0.772306
0.689065
0.608727
0.531749
0.458568
0.389601
0.325238
0.265845
0.211761
0.163292
0.120714
0.084268
0.054163
0.030568
0.013618
0.003409
0.000000
0.003409
0.013618
0.030568
0.054163
0.084268
0.120714
0.163292
0.211761
0.265845
0.325238
0.389601
0.458568
0.531749
0.608727
0.689065
0.772306
0.857977
0.945591
1.034652
1.124651
1.215079
1.305421
1.395165
1.483799
1.570820
1.655735
1.738060
1.817327
1.893087
1.964909
2.032384
2.095129
2.152788
2.205034
2.251568
2.292127
2.326481
2.354433
2.375826
2.390538
2.398484
2.399621
2.393941
2.381477
2.362300
2.336518
2.304278
2.265764
2.221193
2.170820
2.114931
2.053843
1.987903
1.917486
1.842992
1.764845
1.683488
1.599383
1.513010
1.424858
1.335428
1.245228
1.154772
1.064572
0.975142
0.886990
0.800617
0.716512
0.635155
0.557008
0.482514
0.412097
0.346157
0.285069
0.229180
0.178807
0.134236
0.095722
0.063482
0.037700
0.018523
0.006059
0.000379
0.001516
0.009462
0.024174
0.045567
0.073519
0.107873
0.148432
0.194966
0.247212
0.304871
0.367616
0.435091
0.506913
0.582673
0.661940
0.744265
0.829180
0.916201
1.004835
1.094579
1.184921
1.275349
1.365348
1.454409
1.542023
1.627694
1.710935
1.791273
1.868251
1.941432
2.010399
2.074762
2.134155
2.188239
2.236708
2.279286
2.315732
2.345837
2.369432
2.386382
2.396591
2.400000
2.396591
2.386382
2.369432
2.345837
2.315732
2.279286
2.236708
2.188239
2.134155
2.074762
2.010399
1.941432
1.868251
1.791273
1.710935
1.627694
1.542023
1.454409
1.365348
1.275349
1.184921
1.094579
1.004835
0.916201
0.829180
0.744265
0.661940
0.582673
0.506913
0.435091
0.367616
0.304871
0.247212
0.194966
0.148432
0.107873
0.073519
0.045567
0.024174
0.009462
0.001516
0.000379
0.006059
0.018523
0.037700
0.063482
0.095722
0.134236
0.178807
0.229180
0.285069
0.346157
0.412097
0.482514
0.557008
0.635155
0.716512
0.800617
0.886990
0.975142
1.064572
1.154772
1.245228
1.335428
1.424858
1.513010
1.599383
1.683488
1.764845
1.842992
1.917486
1.987903
2.053843
2.114931
2.170820
2.221193
2.265764
2.304278
2.336518
2.362300
2.381477
2.393941
2.399621
2.398484
2.390538
2.375826
2.354433
2.326481
2.292127
2.251568
2.205034
2.152788
2.095129
2.032384
1.964909
1.893087
1.817327
1.738060
1.655735
1.570820
1.483799
1.395165
1.305421
1.215079
1.124651
1.034652
0.945591
0.857977
0.772306
0.689065
0.608727
0.531749
0.458568
0.389601
0.325238
0.265845
0.211761
0.163292
0.120714
0.084268
0.054163
0.030568
0.013618
0.003409
0.000000
0.003409
0.013618
0.030568
0.054163
0.084268
0.120714
0.163292
0.211761
0.265845
0.325238
0.389601
0.458568
0.531749
0.608727
0.689065
0.772306
0.857977
0.945591
1.034652
1.124651
1.215079
1.305421
1.395165
1.483799
1.570820
1.655735
1.738060
1.817327
1.893087
1.964909
2.032384
2.095129
2.152788
2.205034
2.251568
2.292127
2.326481
2.354433
2.375826
2.390538
2.398484
2.399621
2.393941
2.381477
2.362300
2.336518
2.304278
2.265764
2.221193
2.170820
2.114931
2.053843
1.987903
1.917486
1.842992
1.764845
1.683488
1.599383
1.513010
1.424858
1.335428
1.245228
1.154772
1.064572
0.975142
0.886990
0.800617
0.716512
0.635155
0.557008
0.482514
0.412097
0.346157
0.285069
0.229180
0.178807
0.134236
0.095722
0.063482
0.037700
0.018523
0.006059
0.000379
0.001516
0.009462
0.024174
0.045567
0.073519
0.107873
0.148432
0.194966
0.247212
0.304871
0.367616
0.435091
0.506913
0.582673
0.661940
0.744265
0.829180
0.916201
1.004835
1.094579
1.184921
1.275349
1.365348
1.454409
1.542023
1.627694
1.710935
1.791273
1.868251
1.941432
2.010399
2.074762
2.134155
2.188239
2.236708
2.279286
2.315732
2.345837
2.369432
2.386382
2.396591
2.400000
2.396591
2.386382
2.369432
2.345837
2.315732
2.279286
2.236708
2.188239
2.134155
2.074762
2.010399
1.941432
1.868251
1.791273
1.710935
1.627694
1.542023
1.454409
1.365348
1.275349
1.184921
1.094579
1.004835
0.916201
0.829180
0.744265
0.661940
0.582673
0.506913
0.435091
0.367616
0.304871
0.247212
0.194966
0.148432
0.107873
0.073519
0.045567
0.024174
0.009462
0.001516
0.000379
0.006059
0.018523
0.037700
0.063482
0.095722
0.134236
0.178807
0.229180
0.285069
0.346157
0.412097
0.482514
0.557008
0.635155
0.716512
0.800617
0.886990
0.975142
1.064572
1.154772
1.245228
1.335428
1.424858
1.513010
1.599383
1.683488
1.764845
1.842992
1.917486
1.987903
2.053843
2.114931
2.170820
2.221193
2.265764
2.304278
2.336518
2.362300
2.381477
2.393941
2.399621
2.398484
2.390538
2.375826
2.354433
2.326481
2.292127
2.251568
2.205034
2.152788
2.095129
2.032384
1.964909
1.893087
1.817327
1.738060
1.655735
1.570820
1.483799
1.395165
1.305421
1.215079
1.124651
1.034652
0.945591
0.857977
0.772306
0.689065
0.608727
0.531749
0.458568
0.389601
0.325238
0.265845
0.211761
0.163292
0.120714
0.084268
0.054163
0.030568
0.013618
0.003409
0.000000
0.003409
0.013618
0.030568
0.054163
0.084268
0.120714
0.163292
0.211761
0.265845
0.325238
0.389601
0.458568
0.531749
0.608727
0.689065
0.772306
0.857977
0.945591
1.034652
1.124651
1.215079
1.305421
1.395165
1.483799
1.570820
1.655735
1.738060
1.817327
1.893087
1.964909
2.032384
2.095129
2.152788
2.205034
2.251568
2.292127
2.326481
2.354433
2.375826
2.390538
2.398484
2.399621
2.393941
2.381477
2.362300
2.336518
2.304278
2.265764
2.221193
2.170820
2.114931
2.053843
1.987903
1.917486
1.842992
1.764845
1.683488
1.599383
1.513010
1.424858
1.335428
1.245228
1.154772
1.064572
0.975142
0.886990
0.800617
0.716512
0.635155
0.557008
0.482514
0.412097
0.346157
0.285069
0.229180
0.178807
0.134236
0.095722
0.063482
0.037700
0.018523
0.006059
0.000379
0.001516
0.009462
0.024174
0.045567
0.073519
0.107873
0.148432
0.194966
0.247212
0.304871
0.367616
0.435091
0.506913
0.582673
0.661940
0.744265
0.829180
0.916201
1.004835
1.094579
1.184921
1.275349
1.365348
1.454409
1.542023
1.627694
1.710935
1.791273
1.868251
1.941432
2.010399
2.074762
2.134155
2.188239
2.236708
2.279286
2.315732
2.345837
2.369432
2.386382
2.396591
2.400000
2.396591
2.386382
2.369432
2.345837
2.315732
2.279286
2.236708
2.188239
2.134155
2.074762
2.010399
1.941432
1.868251
1.791273
1.710935
1.627694
1.542023
1.454409
1.365348
1.275349
1.184921
1.094579
1.004835
0.916201
0.829180
0.744265
0.661940
0.582673
0.506913
0.435091
0.367616
0.304871
0.247212
0.194966
0.148432
0.107873
0.073519
0.045567
0.024174
0.009462
0.001516
0.000379
0.006059
0.018523
0.037700
0.063482
0.095722
0.134236
0.178807
0.229180
0.285069
0.346157
0.412097
0.482514
0.557008
0.635155
0.716512
0.800617
0.886990
0.975142
1.064572
1.154772
1.245228
1.335428
1.424858
1.513010
1.599383
1.683488
1.764845
1.842992
1.917486
1.987903
2.053843
2.114931
2.170820
2.221193
2.265764
2.304278
2.336518
2.362300
2.381477
2.393941
2.399621
2.398484
2.390538
2.375826
2.354433
2.326481
2.292127
2.251568
2.205034
2.152788
2.095129
2.032384
1.964909
1.893087
1.817327
1.738060
1.655735
1.570820
1.483799
1.395165
1.305421
1.215079
1.124651
1.034652
0.945591
0.857977
0.772306
0.689065
0.608727
0.531749
0.458568
0.389601
0.325238
0.265845
0.211761
0.163292
0.120714
0.084268
0.054163
0.030568
0.013618
0.003409
0.000000
0.003409
0.013618
0.030568
0.054163
0.084268
0.120714
0.163292
0.211761
0.265845
0.325238
0.389601
0.458568
0.531749
0.608727
0.689065
0.772306
0.857977
0.945591
1.034652
1.124651
1.215079
1.305421
1.395165
1.483799
1.570820
1.655735
1.738060
1.817327
1.893087
1.964909
2.032384
2.095129
2.152788
2.205034
2.251568
2.292127
2.326481
2.354433
2.375826
2.390538
2.398484
2.399621
2.393941
2.381477
2.362300
2.336518
2.304278
2.265764
2.221193
2.170820
2.114931
2.053843
1.987903
1.917486
1.842992
1.764845
1.683488
1.599383
1.513010
1.424858
1.335428
1.245228
1.154772
1.064572
0.975142
0.886990
0.800617
0.716512
0.635155
0.557008
0.482514
0.412097
0.346157
0.285069
0.229180
0.178807
0.134236
0.095722
0.063482
0.037700
0.018523
0.006059
0.000379
0.001516
0.009462
0.024174
0.045567
0.073519
0.107873
0.148432
0.194966
0.247212
0.304871
0.367616
0.435091
0.506913
0.582673
0.661940
0.744265
0.829180
0.916201
1.004835
1.094579
1.184921
1.275349
1.365348
1.454409
1.542023
1.627694
1.710935
1.791273
1.868251
1.941432
2.010399
2.074762
2.134155
2.188239
2.236708
2.279286
2.315732
2.345837
2.369432
2.386382
2.396591
2.400000
2.396591
2.386382
2.369432
2.345837
2.315732
2.279286
2.236708
2.188239
2.134155
2.074762
2.010399
1.941432
1.868251
1.791273
1.710935
1.627694
1.542023
1.454409
1.365348
1.275349
1.184921
1.094579
1.004835
0.916201
0.829180
0.744265
0.661940
0.582673
0.506913
0.435091
0.367616
0.304871
0.247212
0.194966
0.148432
0.107873
0.073519
0.045567
0.024174
0.009462
0.001516
0.000379
0.006059
0.018523
0.037700
0.063482
0.095722
0.134236
0.178807
0.229180
0.285069
0.346157
0.412097
0.482514
0.557008
0.635155
0.716512
0.800617
0.886990
0.975142
1.064572
1.154772
1.245228
1.335428
1.424858
1.513010
1.599383
1.683488
1.764845
1.842992
1.917486
1.987903
2.053843
2.114931
2.170820
2.221193
2.265764
2.304278
2.336518
2.362300
2.381477
2.393941
2.399621
2.398484
2.390538
2.375826
2.354433
2.326481
2.292127
2.251568
2.205034
2.152788
2.095129
2.032384
1.964909
1.893087
1.817327
1.738060
1.655735
1.570820
1.483799
1.395165
1.305421
1.215079
1.124651
1.034652
0.945591
0.857977
0.772306
0.689065
0.608727
0.531749
0.458568
0.389601
0.325238
0.265845
0.211761
0.163292
0.120714
0.084268
0.054163
0.030568
0.013618
0.003409
0.000000
0.003409
0.013618
0.030568
0.054163
0.084268
0.120714
0.163292
0.211761
0.265845
0.325238
0.389601
0.458568
0.531749
0.608727
0.689065
0.772306
0.857977
0.945591
1.034652
1.124651
1.215079
1.305421
1.395165
1.483799
1.570820
1.655735
1.738060
1.817327
1.893087
1.964909
2.032384
2.095129
2.152788
2.205034
2.251568
2.292127
2.326481
2.354433
2.375826
2.390538
2.398484
2.399621
2.393941
2.381477
2.362300
2.336518
2.304278
2.265764
2.221193
2.170820
2.114931
2.053843
1.987903
1.917486
1.842992
1.764845
1.683488
1.599383
1.513010
1.424858
1.335428
1.245228
1.154772
1.064572
0.975142
0.886990
0.800617
0.716512
0.635155
0.557008
0.482514
0.412097
0.346157
0.285069
0.229180
0.178807
0.134236
0.095722
0.063482
0.037700
0.018523
0.006059
0.000379
0.001516
0.009462
0.024174
0.045567
0.073519
0.107873
0.148432
0.194966
0.247212
0.304871
0.367616
0.435091
0.506913
0.582673
0.661940
0.744265
0.829180
0.916201
1.004835
1.094579
1.184921
1.275349
1.365348
1.454409
1.542023
1.627694
1.710935
1.791273
1.868251
1.941432
2.010399
2.074762
2.134155
2.188239
2.236708
2.279286
2.315732
2.345837
2.369432
2.386382
2.396591
2.400000
2.396591
2.386382
2.369432
2.345837
2.315732
2.279286
2.236708
2.188239
2.134155
2.074762
2.010399
1.941432
1.868251
1.791273
1.710935
1.627694
1.542023
1.454409
1.365348
1.275349
1.184921
1.094579
1.004835
0.916201
0.829180
0.744265
0.661940
0.582673
0.506913
0.435091
0.367616
0.304871
0.247212
0.194966
0.148432
0.107873
0.073519
0.045567
0.024174
0.009462
0.001516
0.000379
0.006059
0.018523
0.037700
0.063482
0.095722
0.134236
0.178807
0.229180
0.285069
0.346157
0.412097
0.482514
0.557008
0.635155
0.716512
0.800617
0.886990
0.975142
1.064572
1.154772
1.245228
1.335428
1.424858
1.513010
1.599383
1.683488
1.764845
1.842992
1.917486
1.987903
2.053843
2.114931
2.170820
2.221193
2.265764
2.304278
2.336518
2.362300
2.381477
2.393941
2.399621
2.398484
2.390538
2.375826
2.354433
2.326481
2.292127
2.251568
2.205034
2.152788
2.095129
2.032384
1.964909
1.893087
1.817327
1.738060
1.655735
1.570820
1.483799
1.395165
1.305421
1.215079
1.124651
1.034652
0.945591
0.857977
0.772306
0.689065
0.608727
0.531749
0.458568
0.389601
0.325238
0.265845
0.211761
0.163292
0.120714
0.084268
0.054163
0.030568
0.013618
0.003409
0.000000
0.003409
0.013618
0.030568
0.054163
0.084268
0.120714
0.163292
0.211761
0.265845
0.325238
0.389601
0.458568
0.531749
0.608727
0.689065
0.772306
0.857977
0.945591
1.034652
1.124651
1.215079
1.305421
1.395165
1.483799
1.570820
1.655735
1.738060
1.817327
1.893087
1.964909
2.032384
2.095129
2.152788
2.205034
2.251568
2.292127
2.326481
2.354433
2.375826
2.390538
2.398484
2.399621
2.393941
2.381477
2.362300
2.336518
2.304278
2.265764
2.221193
2.170820
2.114931
2.053843
1.987903
1.917486
1.842992
1.764845
1.683488
1.599383
1.513010
1.424858
1.335428
1.245228
1.154772
1.064572
0.975142
0.886990
0.800617
0.716512
0.635155
0.557008
0.482514
0.412097
0.346157
0.285069
0.229180
0.178807
0.134236
0.095722
0.063482
0.037700
0.018523
0.006059
0.000379
0.001516
0.009462
0.024174
0.045567
0.073519
0.107873
0.148432
0.194966
0.247212
0.304871
0.367616
0.435091
0.506913
0.582673
0.661940
0.744265
0.829180
0.916201
1.004835
1.094579
1.184921
1.275349
1.365348
1.454409
1.542023
1.627694
1.710935
1.791273
1.868251
1.941432
2.010399
2.074762
2.134155
2.188239
2.236708
2.279286
2.315732
2.345837
2.369432
2.386382
2.396591
2.400000
2.396591
2.386382
2.369432
2.345837
2.315732
2.279286
2.236708
2.188239
2.134155
2.074762
2.010399
1.941432
1.868251
1.791273
1.710935
1.627694
1.542023
1.454409
1.365348
1.275349
1.184921
1.094579
1.004835
0.916201
0.829180
0.744265
0.661940
0.582673
0.506913
0.435091
0.367616
0.304871
0.247212
0.194966
0.148432
0.107873
0.073519
0.045567
0.024174
0.009462
0.001516
0.000379
0.006059
0.018523
0.037700
0.063482
0.095722
0.134236
0.178807
0.229180
0.285069
0.346157
0.412097
0.482514
0.557008
0.635155
0.716512
0.800617
0.886990
0.975142
1.064572
1.154772
1.245228
1.335428
1.424858
1.513010
1.599383
1.683488
1.764845
1.842992
1.917486
1.987903
2.053843
2.114931
2.170820
2.221193
2.265764
2.304278
2.336518
2.362300
2.381477
2.393941
2.399621
2.398484
2.390538
2.375826
2.354433
2.326481
2.292127
2.251568
2.205034
2.152788
2.095129
2.032384
1.964909
1.893087
1.817327
1.738060
1.655735
1.570820
1.483799
1.395165
1.305421
1.215079
1.124651
1.034652
0.945591
0.857977
0.772306
0.689065
0.608727
0.531749
0.458568
0.389601
0.325238
0.265845
0.211761
0.163292
0.120714
0.084268
0.054163
0.030568
0.013618
0.003409
0.000000
0.003409
0.013618
0.030568
0.054163
0.084268
0.120714
0.163292
0.211761
0.265845
0.325238
0.389601
0.458568
0.531749
0.608727
0.689065
0.772306
0.857977
0.945591
1.034652
1.124651
1.215079
1.305421
1.395165
1.483799
1.570820
1.655735
1.738060
1.817327
1.893087
1.964909
2.032384
2.095129
2.152788
2.205034
2.251568
2.292127
2.326481
2.354433
2.375826
2.390538
2.398484
2.399621
2.393941
2.381477
2.362300
2.336518
2.304278
2.265764
2.221193
2.170820
2.114931
2.053843
1.987903
1.917486
1.842992
1.764845
1.683488
1.599383
1.513010
1.424858
1.335428
1.245228
1.154772
1.064572
0.975142
0.886990
0.800617
0.716512
0.635155
0.557008
0.482514
0.412097
0.346157
0.285069
0.229180
0.178807
0.134236
0.095722
0.063482
0.037700
0.018523
0.006059
0.000379
0.001516
0.009462
0.024174
0.045567
0.073519
0.107873
0.148432
0.194966
0.247212
0.304871
0.367616
0.435091
0.506913
0.582673
0.661940
0.744265
0.829180
0.916201
1.004835
1.094579
1.184921
1.275349
1.365348
1.454409
1.542023
1.627694
1.710935
1.791273
1.868251
1.941432
2.010399
2.074762
2.134155
2.188239
2.236708
2.279286
2.315732
2.345837
2.369432
2.386382
2.396591
2.400000
2.396591
2.386382
2.369432
2.345837
2.315732
2.279286
2.236708
2.188239
2.134155
2.074762
2.010399
1.941432
1.868251
1.791273
1.710935
1.627694
1.542023
1.454409
1.365348
1.275349
1.184921
1.094579
1.004835
0.916201
0.829180
0.744265
0.661940
0.582673
0.506913
0.435091
0.367616
0.304871
0.247212
0.194966
0.148432
0.107873
0.073519
0.045567
0.024174
0.009462
0.001516
0.000379
0.006059
0.018523
0.037700
0.063482
0.095722
0.134236
0.178807
0.229180
0.285069
0.346157
0.412097
0.482514
0.557008
0.635155
0.716512
0.800617
0.886990
0.975142
1.064572
1.154772
1.245228
1.335428
1.424858
1.513010
1.599383
1.683488
1.764845
1.842992
1.917486
1.987903
2.053843
2.114931
2.170820
2.221193
2.265764
2.304278
2.336518
2.362300
2.381477
2.393941
2.399621
2.398484
2.390538
2.375826
2.354433
2.326481
2.292127
2.251568
2.205034
2.152788
2.095129
2.032384
1.964909
1.893087
1.817327
1.738060
1.655735
1.570820
1.483799
1.395165
1.305421
1.215079
1.124651
1.034652
0.945591
0.857977
0.772306
0.689065
0.608727
0.531749
0.458568
0.389601
0.325238
0.265845
0.211761
0.163292
0.120714
0.084268
0.054163
0.030568
0.013618
0.003409
0.000000
0.003409
0.013618
0.030568
0.054163
0.084268
0.120714
0.163292
0.211761
0.265845
0.325238
0.389601
0.458568
0.531749
0.608727
0.689065
0.772306
0.857977
0.945591
1.034652
1.124651
1.215079
1.305421
1.395165
1.483799
1.570820
1.655735
1.738060
1.817327
1.893087
1.964909
2.032384
2.095129
2.152788
2.205034
2.251568
2.292127
2.326481
2.354433
2.375826
2.390538
2.398484
2.399621
2.393941
2.381477
2.362300
2.336518
2.304278
2.265764
2.221193
2.170820
2.114931
2.053843
1.987903
1.917486
1.842992
1.764845
1.683488
1.599383
1.513010
1.424858
1.335428
1.245228
1.154772
1.064572
0.975142
0.886990
0.800617
0.716512
0.635155
0.557008
0.482514
0.412097
0.346157
0.285069
0.229180
0.178807
0.134236
0.095722
0.063482
0.037700
0.018523
0.006059
0.000379
0.001516
0.009462
0.024174
0.045567
0.073519
0.107873
0.148432
0.194966
0.247212
0.304871
0.367616
0.435091
0.506913
0.582673
0.661940
0.744265
0.829180
0.916201
1.004835
1.094579
1.184921
1.275349
1.365348
1.454409
1.542023
1.627694
1.710935
1.791273
1.868251
1.941432
2.010399
2.074762
2.134155
2.188239
2.236708
2.279286
2.315732
2.345837
2.369432
2.386382
2.396591
2.400000
2.396591
2.386382
2.369432
2.345837
2.315732
2.279286
2.236708
2.188239
2.134155
2.074762
2.010399
1.941432
1.868251
1.791273
1.710935
1.627694
1.542023
1.454409
1.365348
1.275349
1.184921
1.094579
1.004835
0.916201
0.829180
0.744265
0.661940
0.582673
0.506913
0.435091
0.367616
0.304871
0.247212
0.194966
0.148432
0.107873
0.073519
0.045567
0.024174
0.009462
0.001516
0.000379
0.006059
0.018523
0.037700
0.063482
0.095722
0.134236
0.178807
0.229180
0.285069
0.346157
0.412097
0.482514
0.557008
0.635155
0.716512
0.800617
0.886990
0.975142
1.064572
1.154772
1.245228
1.335428
1.424858
1.513010
1.599383
1.683488
1.764845
1.842992
1.917486
1.987903
2.053843
2.114931
2.170820
2.221193
2.265764
2.304278
2.336518
2.362300
2.381477
2.393941
2.399621
2.398484
2.390538
2.375826
2.354433
2.326481
2.292127
2.251568
2.205034
2.152788
2.095129
2.032384
1.964909
1.893087
1.817327
1.738060
1.655735
1.570820
1.483799
1.395165
1.305421
1.215079
1.124651
1.034652
0.945591
0.857977
0.772306
0.689065
0.608727
0.531749
0.458568
0.389601
0.325238
0.265845
0.211761
0.163292
0.120714
0.084268
0.054163
0.030568
0.013618
0.003409
0.000000
0.003409
0.013618
0.030568
0.054163
0.084268
0.120714
0.163292
0.211761
0.265845
0.325238
0.389601
0.458568
0.531749
0.608727
0.689065
0.772306
0.857977
0.945591
1.034652
1.124651
1.215079
1.305421
1.395165
1.483799
1.570820
1.655735
1.738060
1.817327
1.893087
1.964909
2.032384
2.095129
2.152788
2.205034
2.251568
2.292127
2.326481
2.354433
2.375826
2.390538
2.398484
2.399621
2.393941
2.381477
2.362300
2.336518
2.304278
2.265764
2.221193
2.170820
2.114931
2.053843
1.987903
1.917486
1.842992
1.764845
1.683488
1.599383
1.513010
1.424858
1.335428
1.245228
1.154772
1.064572
0.975142
0.886990
0.800617
0.716512
0.635155
0.557008
0.482514
0.412097
0.346157
0.285069
0.229180
0.178807
0.134236
0.095722
0.063482
0.037700
0.018523
0.006059
0.000379
0.001516
0.009462
0.024174
0.045567
0.073519
0.107873
0.148432
0.194966
0.247212
0.304871
0.367616
0.435091
0.506913
0.582673
0.661940
0.744265
0.829180
0.916201
1.004835
1.094579
1.184921
1.275349
1.365348
1.454409
1.542023
1.627694
1.710935
1.791273
1.868251
1.941432
2.010399
2.074762
2.134155
2.188239
2.236708
2.279286
2.315732
2.345837
2.369432
2.386382
2.396591
2.400000
2.396591
2.386382
2.369432
2.345837
2.315732
2.279286
2.236708
2.188239
2.134155
2.074762
2.010399
1.941432
1.868251
1.791273
1.710935
1.627694
1.542023
1.454409
1.365348
1.275349
1.184921
1.094579
1.004835
0.916201
0.829180
0.744265
0.661940
0.582673
0.506913
0.435091
0.367616
0.304871
0.247212
0.194966
0.148432
0.107873
0.073519
0.045567
0.024174
0.009462
0.001516
0.000379
0.006059
0.018523
0.037700
0.063482
0.095722
0.134236
0.178807
0.229180
0.285069
0.346157
0.412097
0.482514
0.557008
0.635155
0.716512
0.800617
0.886990
0.975142
1.064572
1.154772
1.245228
1.335428
1.424858
1.513010
1.599383
1.683488
1.764845
1.842992
1.917486
1.987903
2.053843
2.114931
2.170820
2.221193
2.265764
2.304278
2.336518
2.362300
2.381477
2.393941
2.399621
2.398484
2.390538
2.375826
2.354433
2.326481
2.292127
2.251568
2.205034
2.152788
2.095129
2.032384
1.964909
1.893087
1.817327
1.738060
1.655735
1.570820
1.483799
1.395165
1.305421
1.215079
1.124651
1.034652
0.945591
0.857977
0.772306
0.689065
0.608727
0.531749
0.458568
0.389601
0.325238
0.265845
0.211761
0.163292
0.120714
0.084268
0.054163
0.030568
0.013618
0.003409
0.000000
0.003409
0.013618
0.030568
0.054163
0.084268
0.120714
0.163292
0.211761
0.265845
0.325238
0.389601
0.458568
0.531749
0.608727
0.689065
0.772306
0.857977
0.945591
1.034652
1.124651
1.215079
1.305421
1.395165
1.483799
1.570820
1.655735
1.738060
1.817327
1.893087
1.964909
2.032384
2.095129
2.152788
2.205034
2.251568
2.292127
2.326481
2.354433
2.375826
2.390538
2.398484
2.399621
2.393941
2.381477
2.362300
2.336518
2.304278
2.265764
2.221193
2.170820
2.114931
2.053843
1.987903
1.917486
1.842992
1.764845
1.683488
1.599383
1.513010
1.424858
1.335428
1.245228
1.154772
1.064572
0.975142
0.886990
0.800617
0.716512
0.635155
0.557008
0.482514
0.412097
0.346157
0.285069
0.229180
0.178807
0.134236
0.095722
0.063482
0.037700
0.018523
0.006059
0.000379
0.001516
0.009462
0.024174
0.045567
0.073519
0.107873
0.148432
0.194966
0.247212
0.304871
0.367616
0.435091
0.506913
0.582673
0.661940
0.744265
0.829180
0.916201
1.004835
1.094579
1.184921
1.275349
1.365348
1.454409
1.542023
1.627694
1.710935
1.791273
1.868251
1.941432
2.010399
2.074762
2.134155
2.188239
2.236708
2.279286
2.315732
2.345837
2.369432
2.386382
2.396591
2.400000
2.396591
2.386382
2.369432
2.345837
2.315732
2.279286
2.236708
2.188239
2.134155
2.074762
2.010399
1.941432
1.868251
1.791273
1.710935
1.627694
1.542023
1.454409
1.365348
1.275349
1.184921
1.094579
1.004835
0.916201
0.829180
0.744265
0.661940
0.582673
0.506913
0.435091
0.367616
0.304871
0.247212
0.194966
0.148432
0.107873
0.073519
0.045567
0.024174
0.009462
0.001516
0.000379
0.006059
0.018523
0.037700
0.063482
0.095722
0.134236
0.178807
0.229180
0.285069
0.346157
0.412097
0.482514
0.557008
0.635155
0.716512
0.800617
0.886990
0.975142
1.064572
1.154772
1.245228
1.335428
1.424858
1.513010
1.599383
1.683488
1.764845
1.842992
1.917486
1.987903
2.053843
2.114931
2.170820
2.221193
2.265764
2.304278
2.336518
2.362300
2.381477
2.393941
2.399621
2.398484
2.390538
2.375826
2.354433
2.326481
2.292127
2.251568
2.205034
2.152788
2.095129
2.032384
1.964909
1.893087
1.817327
1.738060
1.655735
1.570820
1.483799
1.395165
1.305421
1.215079
1.124651
1.034652
0.945591
0.857977
0.772306
0.689065
0.608727
0.531749
0.458568
0.389601
0.325238
0.265845
0.211761
0.163292
0.120714
0.084268
0.054163
0.030568
0.013618
0.003409
0.000000
0.003409
0.013618
0.030568
0.054163
0.084268
0.120714
0.163292
0.211761
0.265845
0.325238
0.389601
0.458568
0.531749
0.608727
0.689065
0.772306
0.857977
0.945591
1.034652
1.124651
1.215079
1.305421
1.395165
1.483799
1.570820
1.655735
1.738060
1.817327
1.893087
1.964909
2.032384
2.095129
2.152788
2.205034
2.251568
2.292127
2.326481
2.354433
2.375826
2.390538
2.398484
2.399621
2.393941
2.381477
2.362300
2.336518
2.304278
2.265764
2.221193
2.170820
2.114931
2.053843
1.987903
1.917486
1.842992
1.764845
1.683488
1.599383
1.513010
1.424858
1.335428
1.245228
1.154772
1.064572
0.975142
0.886990
0.800617
0.716512
0.635155
0.557008
0.482514
0.412097
0.346157
0.285069
0.229180
0.178807
0.134236
0.095722
0.063482
0.037700
0.018523
0.006059
0.000379
0.001516
0.009462
0.024174
0.045567
0.073519
0.107873
0.148432
0.194966
0.247212
0.304871
0.367616
0.435091
0.506913
0.582673
0.661940
0.744265
0.829180
0.916201
1.004835
1.094579
1.184921
1.275349
1.365348
1.454409
1.542023
1.627694
1.710935
1.791273
1.868251
1.941432
2.010399
2.074762
2.134155
2.188239
2.236708
2.279286
2.315732
2.345837
2.369432
2.386382
2.396591
2.400000
2.396591
2.386382
2.369432
2.345837
2.315732
2.279286
2.236708
2.188239
2.134155
2.074762
2.010399
1.941432
1.868251
1.791273
1.710935
1.627694
1.542023
1.454409
1.365348
1.275349
1.184921
1.094579
1.004835
0.916201
0.829180
0.744265
0.661940
0.582673
0.506913
0.435091
0.367616
0.304871
0.247212
0.194966
0.148432
0.107873
0.073519
0.045567
0.024174
0.009462
0.001516
0.000379
0.006059
0.018523
0.037700
0.063482
0.095722
0.134236
0.178807
0.229180
0.285069
0.346157
0.412097
0.482514
0.557008
0.635155
0.716512
0.800617
0.886990
0.975142
1.064572
1.154772
1.245228
1.335428
1.424858
1.513010
1.599383
1.683488
1.764845
1.842992
1.917486
1.987903
2.053843
2.114931
2.170820
2.221193
2.265764
2.304278
2.336518
2.362300
2.381477
2.393941
2.399621
2.398484
2.390538
2.375826
2.354433
2.326481
2.292127
2.251568
2.205034
2.152788
2.095129
2.032384
1.964909
1.893087
1.817327
1.738060
1.655735
1.570820
1.483799
1.395165
1.305421
1.215079
1.124651
1.034652
0.945591
0.857977
0.772306
0.689065
0.608727
0.531749
0.458568
0.389601
0.325238
0.265845
0.211761
0.163292
0.120714
0.084268
0.054163
0.030568
0.013618
0.003409
0.000000
0.003409
0.013618
0.030568
0.054163
0.084268
0.120714
0.163292
0.211761
0.265845
0.325238
0.389601
0.458568
0.531749
0.608727
0.689065
0.772306
0.857977
0.945591
1.034652
1.124651
1.215079
1.305421
1.395165
1.483799
1.570820
1.655735
1.738060
1.817327
1.893087
1.964909
2.032384
2.095129
2.152788
2.205034
2.251568
2.292127
2.326481
2.354433
2.375826
2.390538
2.398484
2.399621
2.393941
2.381477
2.362300
2.336518
2.304278
2.265764
2.221193
2.170820
2.114931
2.053843
1.987903
1.917486
1.842992
1.764845
1.683488
1.599383
1.513010
1.424858
1.335428
1.245228
1.154772
1.064572
0.975142
0.886990
0.800617
0.716512
0.635155
0.557008
0.482514
0.412097
0.346157
0.285069
0.229180
0.178807
0.134236
0.095722
0.063482
0.037700
0.018523
0.006059
0.000379
0.001516
0.009462
0.024174
0.045567
0.073519
0.107873
0.148432
0.194966
0.247212
0.304871
0.367616
0.435091
0.506913
0.582673
0.661940
0.744265
0.829180
0.916201
1.004835
1.094579
1.184921
1.275349
1.365348
1.454409
1.542023
1.627694
1.710935
1.791273
1.868251
1.941432
2.010399
2.074762
2.134155
2.188239
2.236708
2.279286
2.315732
2.345837
2.369432
2.386382
2.396591
2.400000
2.396591
2.386382
2.369432
2.345837
2.315732
2.279286
2.236708
2.188239
2.134155
2.074762
2.010399
1.941432
1.868251
1.791273
1.710935
1.627694
1.542023
1.454409
1.365348
1.275349
1.184921
1.094579
1.004835
0.916201
0.829180
0.744265
0.661940
0.582673
0.506913
0.435091
0.367616
0.304871
0.247212
0.194966
0.148432
0.107873
0.073519
0.045567
0.024174
0.009462
0.001516
0.000379
0.006059
0.018523
0.037700
0.063482
0.095722
0.134236
0.178807
0.229180
0.285069
0.346157
0.412097
0.482514
0.557008
0.635155
0.716512
0.800617
0.886990
0.975142
1.064572
1.154772
1.245228
1.335428
1.424858
1.513010
1.599383
1.683488
1.764845
1.842992
1.917486
1.987903
2.053843
2.114931
2.170820
2.221193
2.265764
2.304278
2.336518
2.362300
2.381477
2.393941
2.399621
2.398484
2.390538
2.375826
2.354433
2.326481
2.292127
2.251568
2.205034
2.152788
2.095129
2.032384
1.964909
1.893087
1.817327
1.738060
1.655735
1.570820
1.483799
1.395165
1.305421
1.215079
1.124651
1.034652
0.945591
0.857977
0.772306
0.689065
0.608727
0.531749
0.458568
0.389601
0.325238
0.265845
0.211761
0.163292
0.120714
0.084268
0.054163
0.030568
0.013618
0.003409
0.000000
0.003409
0.013618
0.030568
0.054163
0.084268
0.120714
0.163292
0.211761
0.265845
0.325238
0.389601
0.458568
0.531749
0.608727
0.689065
0.772306
0.857977
0.945591
1.034652
1.124651
1.215079
1.305421
1.395165
1.483799
1.570820
1.655735
1.738060
1.817327
1.893087
1.964909
2.032384
2.095129
2.152788
2.205034
2.251568
2.292127
2.326481
2.354433
2.375826
2.390538
2.398484
2.399621
2.393941
2.381477
2.362300
2.336518
2.304278
2.265764
2.221193
2.170820
2.114931
2.053843
1.987903
1.917486
1.842992
1.764845
1.683488
1.599383
1.513010
1.424858
1.335428
1.245228
1.154772
1.064572
0.975142
0.886990
0.800617
0.716512
0.635155
0.557008
0.482514
0.412097
0.346157
0.285069
0.229180
0.178807
0.134236
0.095722
0.063482
0.037700
0.018523
0.006059
0.000379
0.001516
0.009462
0.024174
0.045567
0.073519
0.107873
0.148432
0.194966
0.247212
0.304871
0.367616
0.435091
0.506913
0.582673
0.661940
0.744265
0.829180
0.916201
1.004835
1.094579
1.184921
1.275349
1.365348
1.454409
1.542023
1.627694
1.710935
1.791273
1.868251
1.941432
2.010399
2.074762
2.134155
2.188239
2.236708
2.279286
2.315732
2.345837
2.369432
2.386382
2.396591
2.400000
2.396591
2.386382
2.369432
2.345837
2.315732
2.279286
2.236708
2.188239
2.134155
2.074762
2.010399
1.941432
1.868251
1.791273
1.710935
1.627694
1.542023
1.454409
1.365348
1.275349
1.184921
1.094579
1.004835
0.916201
0.829180
0.744265
0.661940
0.582673
0.506913
0.435091
0.367616
0.304871
0.247212
0.194966
0.148432
0.107873
0.073519
0.045567
0.024174
0.009462
0.001516
0.000379
0.006059
0.018523
0.037700
0.063482
0.095722
0.134236
0.178807
0.229180
0.285069
0.346157
0.412097
0.482514
0.557008
0.635155
0.716512
0.800617
0.886990
0.975142
1.064572
1.154772
1.245228
1.335428
1.424858
1.513010
1.599383
1.683488
1.764845
1.842992
1.917486
1.987903
2.053843
2.114931
2.170820
2.221193
2.265764
2.304278
2.336518
2.362300
2.381477
2.393941
2.399621
2.398484
2.390538
2.375826
2.354433
2.326481
2.292127
2.251568
2.205034
2.152788
2.095129
2.032384
1.964909
1.893087
1.817327
1.738060
1.655735
1.570820
1.483799
1.395165
1.305421
1.215079
1.124651
1.034652
0.945591
0.857977
0.772306
0.689065
0.608727
0.531749
0.458568
0.389601
0.325238
0.265845
0.211761
0.163292
0.120714
0.084268
0.054163
0.030568
0.013618
0.003409
0.000000
0.003409
0.013618
0.030568
0.054163
0.084268
0.120714
0.163292
0.211761
0.265845
0.325238
0.389601
0.458568
0.531749
0.608727
0.689065
0.772306
0.857977
0.945591
1.034652
1.124651
1.215079
1.305421
1.395165
1.483799
1.570820
1.655735
1.738060
1.817327
1.893087
1.964909
2.032384
2.095129
2.152788
2.205034
2.251568
2.292127
2.326481
2.354433
2.375826
2.390538
2.398484
2.399621
2.393941
2.381477
2.362300
2.336518
2.304278
2.265764
2.221193
2.170820
2.114931
2.053843
1.987903
1.917486
1.842992
1.764845
1.683488
1.599383
1.513010
1.424858
1.335428
1.245228
1.154772
1.064572
0.975142
0.886990
0.800617
0.716512
0.635155
0.557008
0.482514
0.412097
0.346157
0.285069
0.229180
0.178807
0.134236
0.095722
0.063482
0.037700
0.018523
0.006059
0.000379
0.001516
0.009462
0.024174
0.045567
0.073519
0.107873
0.148432
0.194966
0.247212
0.304871
0.367616
0.435091
0.506913
0.582673
0.661940
0.744265
0.829180
0.916201
1.004835
1.094579
1.184921
1.275349
1.365348
1.454409
1.542023
1.627694
1.710935
1.791273
1.868251
1.941432
2.010399
2.074762
2.134155
2.188239
2.236708
2.279286
2.315732
2.345837
2.369432
2.386382
2.396591
2.400000
2.396591
2.386382
2.369432
2.345837
2.315732
2.279286
2.236708
2.188239
2.134155
2.074762
2.010399
1.941432
1.868251
1.791273
1.710935
1.627694
1.542023
1.454409
1.365348
1.275349
1.184921
1.094579
1.004835
0.916201
0.829180
0.744265
0.661940
0.582673
0.506913
0.435091
0.367616
0.304871
0.247212
0.194966
0.148432
0.107873
0.073519
0.045567
0.024174
0.009462
0.001516
0.000379
0.006059
0.018523
0.037700
0.063482
0.095722
0.134236
0.178807
0.229180
0.285069
0.346157
0.412097
0.482514
0.557008
0.635155
0.716512
0.800617
0.886990
0.975142
1.064572
1.154772
1.245228
1.335428
1.424858
1.513010
1.599383
1.683488
1.764845
1.842992
1.917486
1.987903
2.053843
2.114931
2.170820
2.221193
2.265764
2.304278
2.336518
2.362300
2.381477
2.393941
2.399621
2.398484
2.390538
2.375826
2.354433
2.326481
2.292127
2.251568
2.205034
2.152788
2.095129
2.032384
1.964909
1.893087
1.817327
1.738060
1.655735
1.570820
1.483799
1.395165
1.305421
1.215079
1.124651
1.034652
0.945591
0.857977
0.772306
0.689065
0.608727
0.531749
0.458568
0.389601
0.325238
0.265845
0.211761
0.163292
0.120714
0.084268
0.054163
0.030568
0.013618
0.003409
0.000000
0.003409
0.013618
0.030568
0.054163
0.084268
0.120714
0.163292
0.211761
0.265845
0.325238
0.389601
0.458568
0.531749
0.608727
0.689065
0.772306
0.857977
0.945591
1.034652
1.124651
1.215079
1.305421
1.395165
1.483799
1.570820
1.655735
1.738060
1.817327
1.893087
1.964909
2.032384
2.095129
2.152788
2.205034
2.251568
2.292127
2.326481
2.354433
2.375826
2.390538
2.398484
2.399621
2.393941
2.381477
2.362300
2.336518
2.304278
2.265764
2.221193
2.170820
2.114931
2.053843
1.987903
1.917486
1.842992
1.764845
1.683488
1.599383
1.513010
1.424858
1.335428
1.245228
1.154772
1.064572
0.975142
0.886990
0.800617
0.716512
0.635155
0.557008
0.482514
0.412097
0.346157
0.285069
0.229180
0.178807
0.134236
0.095722
0.063482
0.037700
0.018523
0.006059
0.000379
0.001516
0.009462
0.024174
0.045567
0.073519
0.107873
0.148432
0.194966
0.247212
0.304871
0.367616
0.435091
0.506913
0.582673
0.661940
0.744265
0.829180
0.916201
1.004835
1.094579
1.184921
1.275349
1.365348
1.454409
1.542023
1.627694
1.710935
1.791273
1.868251
1.941432
2.010399
2.074762
2.134155
2.188239
2.236708
2.279286
2.315732
2.345837
2.369432
2.386382
2.396591
2.400000
2.396591
2.386382
2.369432
2.345837
2.315732
2.279286
2.236708
2.188239
2.134155
2.074762
2.010399
1.941432
1.868251
1.791273
1.710935
1.627694
1.542023
1.454409
1.365348
1.275349
1.184921
1.094579
1.004835
0.916201
0.829180
0.744265
0.661940
0.582673
0.506913
0.435091
0.367616
0.304871
0.247212
0.194966
0.148432
0.107873
0.073519
0.045567
0.024174
0.009462
0.001516
0.000379
0.006059
0.018523
0.037700
0.063482
0.095722
0.134236
0.178807
0.229180
0.285069
0.346157
0.412097
0.482514
0.557008
0.635155
0.716512
0.800617
0.886990
0.975142
1.064572
1.154772
1.245228
1.335428
1.424858
1.513010
1.599383
1.683488
1.764845
1.842992
1.917486
1.987903
2.053843
2.114931
2.170820
2.221193
2.265764
2.304278
2.336518
2.362300
2.381477
2.393941
2.399621
2.398484
2.390538
2.375826
2.354433
2.326481
2.292127
2.251568
2.205034
2.152788
2.095129
2.032384
1.964909
1.893087
1.817327
1.738060
1.655735
1.570820
1.483799
1.395165
1.305421
1.215079
1.124651
1.034652
0.945591
0.857977
0.772306
0.689065
0.608727
0.531749
0.458568
0.389601
0.325238
0.265845
0.211761
0.163292
0.120714
0.084268
0.054163
0.030568
0.013618
0.003409
0.000000
